format ascii 1.0
element odometryInfo 70
property double timeStamp
property double qx
property double qy
property double qz
property double qw
property double x
property double y
property double z
end_header
1617008124.091972351 -0.2448120547 0.0552004144 0.8623991116 0.4396450210 -3.0816011990 1.8812919044 -0.1282993238
1617008124.192772388 -0.2114514694 0.0364089591 0.8812100077 0.4212262886 -3.2166418896 1.8618933069 -0.0717876849
1617008124.293572426 -0.1755085558 0.0210243896 0.8981093284 0.4026839406 -3.3475237631 1.8149475731 -0.0581375543
1617008124.394372463 -0.1374993351 0.0093635207 0.9130950833 0.3837494315 -3.4734362474 1.7412266551 -0.0861990572
1617008124.495172501 -0.0979822977 0.0016538291 0.9261705120 0.3641495804 -3.5936006015 1.6428898870 -0.1519997107
1617008124.595972538 -0.0575475388 -0.0019702290 0.9373424592 0.3436182667 -3.7072983500 1.5233566441 -0.2490102240
1617008124.696772337 -0.0168050508 -0.0014678717 0.9466207118 0.3219078496 -3.8138967606 1.3870980152 -0.3685731986
1617008124.797572374 0.0236274347 0.0031102305 0.9540182551 0.2987996647 -3.9128692497 1.2393610163 -0.5004677069
1617008124.898372412 0.0631366497 0.0116267282 0.9595523053 0.2741130351 -4.0038091480 1.0858433361 -0.6335740887
1617008124.999172449 0.1011256547 0.0238644648 0.9632459062 0.2477123604 -4.0864359339 0.9323398300 -0.7565968648
1617008125.099972486 0.1370250249 0.0395348991 0.9651298422 0.2195120089 -4.1605937489 0.7843837560 -0.8587998586
1617008125.200772524 0.1703030913 0.0582875035 0.9652446169 0.1894789001 -4.2262426610 0.6469059797 -0.9307066926
1617008125.301572323 0.2004750525 0.0797195777 0.9636422760 0.1576328209 -4.2834436713 0.5239340832 -0.9647218875
1617008125.402372360 0.2271108681 0.1033859907 0.9603878985 0.1240446487 -4.3323388313 0.4183506111 -0.9556327182
1617008125.503172398 0.2498419298 0.1288084735 0.9555606369 0.0888327440 -4.3731280438 0.3317257888 -0.9009594886
1617008125.603972435 0.2683665741 0.1554842217 0.9492542332 0.0521578314 -4.4060441769 0.2642352219 -0.8011315067
1617008125.704772472 0.2824545477 0.1828937149 0.9415769767 0.0142167006 -4.4313280733 0.2146676594 -0.6594771603
1617008125.805572510 0.2919505415 0.2105077970 0.9326510849 -0.0247649476 -4.4492049141 0.1805222009 -0.4820283923
1617008125.906372309 0.2967768926 0.2377941799 0.9226114916 -0.0645402160 -4.4598632518 0.1581887147 -0.2771517896
1617008126.007172346 0.2969354976 0.2642236076 0.9116040142 -0.1048490191 -4.4634378685 0.1432000102 -0.0550296372
1617008126.107972383 0.2925089127 0.2892759559 0.8997828592 -0.1454261445 -4.4599974563 0.1305398004 0.1729760617
1617008126.208772421 0.2836605382 0.3124465297 0.8873074249 -0.1860091366 -4.4495379422 0.1149869368 0.3950360738
1617008126.309572458 0.2706337122 0.3332527630 0.8743383678 -0.2263457717 -4.4319820591 0.0914740303 0.5995974929
1617008126.410372496 0.2537494954 0.3512414399 0.8610329456 -0.2662008846 -4.4071854824 0.0554375277 0.7761109241
1617008126.511172533 0.2334029076 0.3659964389 0.8475397094 -0.3053622937 -4.3749494780 0.0031366940 0.9156948992
1617008126.611972332 0.2100574050 0.3771468851 0.8339927051 -0.3436455755 -4.3350395592 -0.0680792431 1.0116951257
1617008126.712772369 0.1842374507 0.3843754801 0.8205054418 -0.3808974560 -4.2872091488 -0.1595733604 1.0601028730
1617008126.813572407 0.1565191302 0.3874266806 0.8071649766 -0.4169976375 -4.2312267398 -0.2713059404 1.0598057611
1617008126.914372444 0.1275188943 0.3861143347 0.7940265361 -0.4518589515 -4.1669046240 -0.4018099261 1.0126548690
1617008127.015172482 0.0978806458 0.3803283480 0.7811091369 -0.4854258369 -4.0941269746 -0.5482589563 0.9233437533
1617008127.115972519 -0.0682615298 -0.3700399594 -0.7683926493 0.5176712552 -4.0128749964 -0.7066238971 0.7991069224
1617008127.216772318 -0.0393168985 -0.3553052466 -0.7558166920 0.5485922814 -3.9232470246 -0.8719079037 0.6492568024
1617008127.317572355 -0.0116850152 -0.3362665550 -0.7432816249 0.5782047133 -3.8254718596 -1.0384448007 0.4845885311
1617008127.418372393 0.0140278978 -0.3131516403 -0.7306517551 0.6065371225 -3.7199142262 -1.2002413625 0.3166903832
1617008127.519172430 0.0372616603 -0.2862704351 -0.7177606893 0.6336248097 -3.6070719679 -1.3513411845 0.1572037057
1617008127.619972467 0.0575146287 -0.2560094716 -0.7044185797 0.6595041187 -3.4875653412 -1.4861864918 0.0170795518
1617008127.720772505 0.0743542174 -0.2228241223 -0.6904208469 0.6842075088 -3.3621194546 -1.5999544798 -0.0941205009
1617008127.821572304 0.0874251092 -0.1872289317 -0.6755578342 0.7077596980 -3.2315414411 -1.6888466078 -0.1688345899
1617008127.922372341 0.0964549664 -0.1497864148 -0.6596247715 0.7301750682 -3.0966942906 -1.7503124912 -0.2019827240
1617008128.023172379 0.1012576105 -0.1110947638 -0.6424314156 0.7514564033 -2.9584693918 -1.7831944240 -0.1912898499
1617008128.123972416 0.1017337955 -0.0717749450 -0.6238107778 0.7715949103 -2.8177597517 -1.7877837913 -0.1374289804
1617008128.224772453 0.0978698287 -0.0324576655 -0.6036264497 0.7905713793 -2.6754356102 -1.7657863389 -0.0439750561
1617008128.325572491 0.0897343952 0.0062293462 -0.5817781691 0.8083582717 -2.5323238066 -1.7201990854 0.0828276413
1617008128.426372528 0.0774740004 0.0436733738 -0.5582054242 0.8249224934 -2.3891918353 -1.6551072260 0.2344697196
1617008128.527172327 0.0613074568 0.0792877852 -0.5328890414 0.8402286073 -2.2467371112 -1.5754143500 0.4007266959
1617008128.627972364 0.0415198075 0.1125219752 -0.5058508387 0.8542422605 -2.1055815863 -1.4865233904 0.5703195561
1617008128.728772402 0.0184560055 0.1428701243 -0.4771515279 0.8669336323 -1.9662715422 -1.3939887115 0.7316434722
1617008128.829572439 -0.0074854373 0.1698788111 -0.4468871178 0.8782807420 -1.8292821396 -1.3031614568 0.8735178943
1617008128.930372477 -0.0358587346 0.1931535893 -0.4151841049 0.8882724813 -1.6950261207 -1.2188506360 0.9859098430
1617008129.031172514 -0.0661770660 0.2123646713 -0.3821937447 0.8969112463 -1.5638659191 -1.1450214111 1.0605839448
1617008129.131972313 -0.0979188993 0.2272518576 -0.3480856819 0.9042150410 -1.4361283141 -1.0845497115 1.0916374571
1617008129.232772350 -0.1305345889 0.2376288106 -0.3130412024 0.9102189160 -1.3121206448 -1.0390487873 1.0758859220
1617008129.333572388 -0.1634534792 0.2433866999 -0.2772463511 0.9149755927 -1.1921474841 -1.0087788124 1.0130746825
1617008129.434372425 -0.1960917275 0.2444971618 -0.2408851526 0.9185551238 -1.0765265545 -0.9926454076 0.9059026737
1617008129.535172462 -0.2278610041 0.2410144263 -0.2041331760 0.9210434602 -0.9656025880 -0.9882872969 0.7598569404
1617008129.635972500 -0.2581781389 0.2330763905 -0.1671516924 0.9225398401 -0.8597578161 -0.9922475565 0.5828684564
1617008129.736772537 -0.2864756617 0.2209043703 -0.1300826861 0.9231529934 -0.7594178720 -1.0002174470 0.3848112545
1617008129.837572336 -0.3122130617 0.2048012520 -0.0930449778 0.9229962532 -0.6650521258 -1.0073369933 0.1768768860
1617008129.938372374 -0.3348884669 0.1851477939 -0.0561316996 0.9221817833 -0.5771678664 -1.0085326286 -0.0291358145
1617008130.039172411 -0.3540503409 0.1623969012 -0.0194093110 0.9208142490 -0.4962982813 -0.9988696559 -0.2215702900
1617008130.139972448 -0.3693087238 0.1370658007 0.0170817281 0.9189843565 -0.4229848148 -0.9738961978 -0.3896532723
1617008130.240772486 -0.3803455059 0.1097261703 0.0533246175 0.9167627549 -0.3577551343 -0.9299558172 -0.5241799227
1617008130.341572523 -0.3869232341 0.0809924140 0.0893223224 0.9141948165 -0.3010985059 -0.8644480865 -0.6180993353
1617008130.442372322 -0.3888919930 0.0515084080 0.1250923610 0.9112967699 -0.2534407930 -0.7760199130 -0.6669629858
1617008130.543172359 -0.3861939914 0.0219331544 0.1606606286 0.9080535778 -0.2151214511 -0.6646751411 -0.6692074316
1617008130.643972397 -0.3788655950 -0.0070741340 0.1960546992 0.9044188037 -0.1863747851 -0.5317954975 -0.6262531313
1617008130.744772434 -0.3670366804 -0.0348689542 0.2312970948 0.9003165472 -0.1673173400 -0.3800719053 -0.5424129777
1617008130.845572472 -0.3509273270 -0.0608358680 0.2663990156 0.8956453387 -0.1579426836 -0.2133511387 -0.4246162834
1617008130.946372509 -0.3308420092 -0.0844017664 0.3013549763 0.8902837105 -0.1581240789 -0.0364083033 -0.2819657570
1617008131.047172308 -0.3071615750 -0.1050475955 0.3361387094 0.8840970182 -0.1676247486 0.1453396599 -0.1251556983
