format ascii 1.0
element odometryInfo 707
property double timeStamp
property double qx
property double qy
property double qz
property double qw
property double x
property double y
property double z
end_header
1617008124.007972479 -0.2703034975 0.0731765204 0.8452698556 0.4550825060 -2.9664778428 1.8768439977 -0.2069508007
1617008124.017972469 -0.2673878533 0.0709355169 0.8473780029 0.4532354890 -2.9802895492 1.8783234418 -0.1961589251
1617008124.027972460 -0.2644391976 0.0687208136 0.8494675587 0.4513914346 -2.9940741055 1.8795505412 -0.1857432894
1617008124.037972450 -0.2614579137 0.0665328856 0.8515385008 0.4495501264 -3.0078307452 1.8805230641 -0.1757088740
1617008124.047972441 -0.2584443910 0.0643722016 0.8535908083 0.4477113450 -3.0215586980 1.8812389050 -0.1660603991
1617008124.057972431 -0.2553990252 0.0622392234 0.8556244617 0.4458748677 -3.0352571897 1.8816960863 -0.1568023227
1617008124.067972422 -0.2523222181 0.0601344066 0.8576394424 0.4440404691 -3.0489254428 1.8818927600 -0.1479388373
1617008124.077972412 -0.2492143778 0.0580581997 0.8596357334 0.4422079207 -3.0625626766 1.8818272085 -0.1394738678
1617008124.087972403 -0.2460759181 0.0560110444 0.8616133186 0.4403769916 -3.0761681075 1.8814978462 -0.1314110688
1617008124.097972393 -0.2429072591 0.0539933756 0.8635721828 0.4385474477 -3.0897409491 1.8809032205 -0.1237538226
1617008124.107972383 -0.2397088267 0.0520056209 0.8655123124 0.4367190527 -3.1032804125 1.8800420126 -0.1165052373
1617008124.117972374 -0.2364810525 0.0500482008 0.8674336942 0.4348915675 -3.1167857064 1.8789130386 -0.1096681447
1617008124.127972364 -0.2332243739 0.0481215285 0.8693363166 0.4330647510 -3.1302560378 1.8775152506 -0.1032450989
1617008124.137972355 -0.2299392341 0.0462260097 0.8712201686 0.4312383593 -3.1436906118 1.8758477371 -0.0972383748
1617008124.147972345 -0.2266260818 0.0443620429 0.8730852402 0.4294121465 -3.1570886320 1.8739097238 -0.0916499665
1617008124.157972336 -0.2232853713 0.0425300186 0.8749315223 0.4275858647 -3.1704493008 1.8717005743 -0.0864815866
1617008124.167972326 -0.2199175622 0.0407303201 0.8767590069 0.4257592638 -3.1837718195 1.8692197905 -0.0817346648
1617008124.177972317 -0.2165231196 0.0389633225 0.8785676865 0.4239320918 -3.1970553890 1.8664670131 -0.0774103475
1617008124.187972307 -0.2131025138 0.0372293933 0.8803575545 0.4221040950 -3.2102992095 1.8634420220 -0.0735094971
1617008124.197972536 -0.2096562205 0.0355288921 0.8821286054 0.4202750178 -3.2235024810 1.8601447363 -0.0700326915
1617008124.207972527 -0.2061847202 0.0338621703 0.8838808339 0.4184446032 -3.2366644040 1.8565752147 -0.0669802239
1617008124.217972517 -0.2026884987 0.0322295713 0.8856142360 0.4166125926 -3.2497841790 1.8527336554 -0.0643521026
1617008124.227972507 -0.1991680465 0.0306314304 0.8873288079 0.4147787258 -3.2628610072 1.8486203965 -0.0621480516
1617008124.237972498 -0.1956238592 0.0290680747 0.8890245468 0.4129427417 -3.2758940911 1.8442359150 -0.0603675103
1617008124.247972488 -0.1920564371 0.0275398226 0.8907014504 0.4111043777 -3.2888826339 1.8395808278 -0.0590096343
1617008124.257972479 -0.1884662849 0.0260469847 0.8923595171 0.4092633703 -3.3018258408 1.8346558903 -0.0580732960
1617008124.267972469 -0.1848539123 0.0245898627 0.8939987458 0.4074194549 -3.3147229186 1.8294619968 -0.0575570855
1617008124.277972460 -0.1812198332 0.0231687500 0.8956191360 0.4055723662 -3.3275730760 1.8240001798 -0.0574593116
1617008124.287972450 -0.1775645659 0.0217839315 0.8972206879 0.4037218381 -3.3403755244 1.8182716091 -0.0577780027
1617008124.297972441 -0.1738886331 0.0204356832 0.8988034018 0.4018676038 -3.3531294776 1.8122775919 -0.0585109087
1617008124.307972431 -0.1701925615 0.0191242727 0.9003672791 0.4000093960 -3.3658341525 1.8060195713 -0.0596555021
1617008124.317972422 -0.1664768822 0.0178499588 0.9019123212 0.3981469471 -3.3784887690 1.7994991262 -0.0612089798
1617008124.327972412 -0.1627421301 0.0166129915 0.9034385302 0.3962799891 -3.3910925508 1.7927179698 -0.0631682652
1617008124.337972403 -0.1589888438 0.0154136120 0.9049459085 0.3944082539 -3.4036447251 1.7856779491 -0.0655300101
1617008124.347972393 -0.1552175661 0.0142520525 0.9064344591 0.3925314732 -3.4161445232 1.7783810434 -0.0682905969
1617008124.357972383 -0.1514288431 0.0131285367 0.9079041854 0.3906493789 -3.4285911810 1.7708293636 -0.0714461410
1617008124.367972374 -0.1476232247 0.0120432789 0.9093550909 0.3887617029 -3.4409839388 1.7630251505 -0.0749924936
1617008124.377972364 -0.1438012642 0.0109964847 0.9107871798 0.3868681776 -3.4533220418 1.7549707741 -0.0789252441
1617008124.387972355 -0.1399635183 0.0099883507 0.9122004566 0.3849685356 -3.4656047404 1.7466687314 -0.0832397233
1617008124.397972345 -0.1361105468 0.0090190643 0.9135949260 0.3830625101 -3.4778312905 1.7381216457 -0.0879310062
1617008124.407972336 -0.1322429128 0.0080888042 0.9149705933 0.3811498348 -3.4900009536 1.7293322644 -0.0929939154
1617008124.417972326 -0.1283611824 0.0071977396 0.9163274640 0.3792302443 -3.5021129974 1.7203034581 -0.0984230245
1617008124.427972317 -0.1244659247 0.0063460309 0.9176655437 0.3773034739 -3.5141666955 1.7110382180 -0.1042126615
1617008124.437972307 -0.1205577114 0.0055338294 0.9189848387 0.3753692599 -3.5261613284 1.7015396547 -0.1103569128
1617008124.447972536 -0.1166371171 0.0047612772 0.9202853553 0.3734273396 -3.5380961830 1.6918109964 -0.1168496265
1617008124.457972527 -0.1127047190 0.0040285072 0.9215671003 0.3714774517 -3.5499705536 1.6818555864 -0.1236844169
1617008124.467972517 -0.1087610966 0.0033356434 0.9228300806 0.3695193360 -3.5617837413 1.6716768816 -0.1308546686
1617008124.477972507 -0.1048068318 0.0026828005 0.9240743036 0.3675527336 -3.5735350552 1.6612784503 -0.1383535404
1617008124.487972498 -0.1008425090 0.0020700841 0.9252997768 0.3655773874 -3.5852238118 1.6506639700 -0.1461739703
1617008124.497972488 -0.0968687144 0.0014975906 0.9265065080 0.3635930418 -3.5968493357 1.6398372249 -0.1543086797
1617008124.507972479 -0.0928860364 0.0009654075 0.9276945054 0.3615994427 -3.6084109597 1.6288021042 -0.1627501779
1617008124.517972469 -0.0888950653 0.0004736129 0.9288637772 0.3595963382 -3.6199080252 1.6175625991 -0.1714907677
1617008124.527972460 -0.0848963931 0.0000222760 0.9300143322 0.3575834781 -3.6313398821 1.6061228008 -0.1805225496
1617008124.537972450 -0.0808906136 -0.0003885432 0.9311461793 0.3555606144 -3.6427058893 1.5944868979 -0.1898374274
1617008124.547972441 -0.0768783220 -0.0007587938 0.9322593276 0.3535275010 -3.6540054147 1.5826591739 -0.1994271130
1617008124.557972431 -0.0728601150 -0.0010884337 0.9333537866 0.3514838944 -3.6652378356 1.5706440042 -0.2092831323
1617008124.567972422 -0.0688365907 -0.0013774303 0.9344295660 0.3494295533 -3.6764025387 1.5584458541 -0.2193968301
1617008124.577972412 -0.0648083482 -0.0016257596 0.9354866758 0.3473642387 -3.6874989206 1.5460692755 -0.2297593761
1617008124.587972403 -0.0607759879 -0.0018334067 0.9365251263 0.3452877143 -3.6985263876 1.5335189043 -0.2403617704
1617008124.597972393 -0.0567401110 -0.0020003658 0.9375449281 0.3431997466 -3.7094843562 1.5207994578 -0.2511948494
1617008124.607972383 -0.0527013197 -0.0021266400 0.9385460921 0.3411001046 -3.7203722530 1.5079157315 -0.2622492914
1617008124.617972374 -0.0486602168 -0.0022122410 0.9395286293 0.3389885603 -3.7311895152 1.4948725961 -0.2735156230
1617008124.627972364 -0.0446174057 -0.0022571898 0.9404925513 0.3368648886 -3.7419355905 1.4816749949 -0.2849842252
1617008124.637972355 -0.0405734904 -0.0022615158 0.9414378698 0.3347288675 -3.7526099374 1.4683279405 -0.2966453391
1617008124.647972345 -0.0365290752 -0.0022252575 0.9423645970 0.3325802780 -3.7632120252 1.4548365117 -0.3084890728
1617008124.657972336 -0.0324847647 -0.0021484620 0.9432727452 0.3304189043 -3.7737413344 1.4412058506 -0.3205054074
1617008124.667972326 -0.0284411635 -0.0020311851 0.9441623273 0.3282445342 -3.7841973564 1.4274411592 -0.3326842033
1617008124.677972317 -0.0243988763 -0.0018734911 0.9450333563 0.3260569586 -3.7945795941 1.4135476963 -0.3450152073
1617008124.687972307 -0.0203585079 -0.0016754531 0.9458858459 0.3238559719 -3.8048875619 1.3995307743 -0.3574880586
1617008124.697972536 -0.0163206625 -0.0014371526 0.9467198098 0.3216413722 -3.8151207855 1.3853957561 -0.3700922958
1617008124.707972527 -0.0122859443 -0.0011586797 0.9475352623 0.3194129612 -3.8252788025 1.3711480514 -0.3828173636
1617008124.717972517 -0.0082549568 -0.0008401329 0.9483322180 0.3171705442 -3.8353611621 1.3567931137 -0.3956526193
1617008124.727972507 -0.0042283032 -0.0004816188 0.9491106921 0.3149139304 -3.8453674254 1.3423364369 -0.4085873401
1617008124.737972498 -0.0002065856 -0.0000832526 0.9498707001 0.3126429329 -3.8552971653 1.3277835518 -0.4216107297
1617008124.747972488 0.0038095942 0.0003548422 0.9506122579 0.3103573686 -3.8651499669 1.3131400229 -0.4347119252
1617008124.757972479 0.0078196356 0.0008325342 0.9513353819 0.3080570587 -3.8749254273 1.2984114448 -0.4478800043
1617008124.767972469 0.0118229391 0.0013496838 0.9520400890 0.3057418281 -3.8846231557 1.2836034387 -0.4611039922
1617008124.777972460 0.0158189062 0.0019061432 0.9527263966 0.3034115062 -3.8942427734 1.2687216494 -0.4743728688
1617008124.787972450 0.0198069397 0.0025017569 0.9533943225 0.3010659265 -3.9037839143 1.2537717412 -0.4876755753
1617008124.797972441 0.0237864436 0.0031363611 0.9540438853 0.2987049267 -3.9132462242 1.2387593950 -0.5010010221
1617008124.807972431 0.0277568238 0.0038097847 0.9546751039 0.2963283489 -3.9226293615 1.2236903044 -0.5143380951
1617008124.817972422 0.0317174874 0.0045218484 0.9552879977 0.2939360396 -3.9319329967 1.2085701723 -0.5276756637
1617008124.827972412 0.0356678434 0.0052723654 0.9558825869 0.2915278499 -3.9411568128 1.1934047077 -0.5410025871
1617008124.837972403 0.0396073025 0.0060611413 0.9564588921 0.2891036352 -3.9503005053 1.1781996217 -0.5543077222
1617008124.847972393 0.0435352776 0.0068879743 0.9570169347 0.2866632555 -3.9593637817 1.1629606243 -0.5675799303
1617008124.857972383 0.0474511832 0.0077526548 0.9575567367 0.2842065757 -3.9683463623 1.1476934211 -0.5808080845
1617008124.867972374 0.0513544364 0.0086549663 0.9580783205 0.2817334649 -3.9772479795 1.1324037091 -0.5939810767
1617008124.877972364 0.0552444562 0.0095946846 0.9585817095 0.2792437973 -3.9860683782 1.1170971741 -0.6070878249
1617008124.887972355 0.0591206642 0.0105715787 0.9590669276 0.2767374516 -3.9948073154 1.1017794865 -0.6201172803
1617008124.897972345 0.0629824843 0.0115854101 0.9595339995 0.2742143116 -4.0034645606 1.0864562983 -0.6330584344
1617008124.907972336 0.0668293431 0.0126359337 0.9599829506 0.2716742657 -4.0120398954 1.0711332393 -0.6459003260
1617008124.917972326 0.0706606698 0.0137228971 0.9604138070 0.2691172072 -4.0205331137 1.0558159139 -0.6586320485
1617008124.927972317 0.0744758964 0.0148460412 0.9608265956 0.2665430343 -4.0289440214 1.0405098975 -0.6712427567
1617008124.937972307 0.0782744578 0.0160051003 0.9612213441 0.2639516502 -4.0372724367 1.0252207333 -0.6837216738
1617008124.947972536 0.0820557918 0.0171998017 0.9615980810 0.2613429632 -4.0455181897 1.0099539287 -0.6960580986
1617008124.957972527 0.0858193395 0.0184298663 0.9619568357 0.2587168863 -4.0536811222 0.9947149520 -0.7082414120
1617008124.967972517 0.0895645448 0.0196950087 0.9622976383 0.2560733378 -4.0617610883 0.9795092291 -0.7202610844
1617008124.977972507 0.0932908554 0.0209949367 0.9626205198 0.2534122409 -4.0697579535 0.9643421403 -0.7321066819
1617008124.987972498 0.0969977219 0.0223293522 0.9629255121 0.2507335240 -4.0776715951 0.9492190168 -0.7437678734
1617008124.997972488 0.1006845986 0.0236979506 0.9632126482 0.2480371204 -4.0855019020 0.9341451376 -0.7552344373
1617008125.007972479 0.1043509433 0.0251004213 0.9634819617 0.2453229686 -4.0932487746 0.9191257263 -0.7664962678
1617008125.017972469 0.1079962176 0.0265364478 0.9637334873 0.2425910124 -4.1009121244 0.9041659479 -0.7775433817
1617008125.027972460 0.1116198868 0.0280057074 0.9639672607 0.2398412005 -4.1084918743 0.8892709054 -0.7883659250
1617008125.037972450 0.1152214198 0.0295078717 0.9641833185 0.2370734868 -4.1159879584 0.8744456373 -0.7989541788
1617008125.047972441 0.1188002899 0.0310426067 0.9643816984 0.2342878305 -4.1234003217 0.8596951139 -0.8092985659
1617008125.057972431 0.1223559740 0.0326095725 0.9645624389 0.2314841958 -4.1307289198 0.8450242349 -0.8193896571
1617008125.067972422 0.1258879533 0.0342084239 0.9647255798 0.2286625521 -4.1379737192 0.8304378259 -0.8292181770
1617008125.077972412 0.1293957133 0.0358388100 0.9648711617 0.2258228739 -4.1451346970 0.8159406358 -0.8387750104
1617008125.087972403 0.1328787437 0.0375003748 0.9649992265 0.2229651412 -4.1522118406 0.8015373338 -0.8480512078
1617008125.097972393 0.1363365384 0.0391927568 0.9651098171 0.2200893388 -4.1592051474 0.7872325068 -0.8570379915
1617008125.107972383 0.1397685961 0.0409155895 0.9652029774 0.2171954567 -4.1661146253 0.7730306562 -0.8657267613
1617008125.117972374 0.1431744199 0.0426685013 0.9652787526 0.2142834903 -4.1729402918 0.7589361959 -0.8741090998
1617008125.127972364 0.1465535173 0.0444511155 0.9653371889 0.2113534399 -4.1796821741 0.7449534487 -0.8821767783
1617008125.137972355 0.1499054009 0.0462630508 0.9653783337 0.2084053111 -4.1863403090 0.7310866448 -0.8899217619
1617008125.147972345 0.1532295878 0.0481039207 0.9654022356 0.2054391144 -4.1929147427 0.7173399184 -0.8973362147
1617008125.157972336 0.1565256000 0.0499733343 0.9654089443 0.2024548658 -4.1994055306 0.7037173055 -0.9044125051
1617008125.167972326 0.1597929646 0.0518708961 0.9653985107 0.1994525860 -4.2058127369 0.6902227419 -0.9111432106
1617008125.177972317 0.1630312136 0.0537962061 0.9653709871 0.1964323010 -4.2121364348 0.6768600601 -0.9175211228
1617008125.187972307 0.1662398840 0.0557488597 0.9653264268 0.1933940418 -4.2183767059 0.6636329877 -0.9235392521
1617008125.197972536 0.1694185180 0.0577284481 0.9652648844 0.1903378444 -4.2245336402 0.6505451449 -0.9291908320
1617008125.207972527 0.1725666633 0.0597345585 0.9651864158 0.1872637499 -4.2306073360 0.6376000425 -0.9344693240
1617008125.217972517 0.1756838725 0.0617667735 0.9650910782 0.1841718042 -4.2365978994 0.6248010795 -0.9393684217
1617008125.227972507 0.1787697038 0.0638246722 0.9649789299 0.1810620584 -4.2425054445 0.6121515416 -0.9438820548
1617008125.237972498 0.1818237209 0.0659078292 0.9648500308 0.1779345684 -4.2483300927 0.5996545989 -0.9480043933
1617008125.247972488 0.1848454929 0.0680158158 0.9647044418 0.1747893950 -4.2540719727 0.5873133043 -0.9517298511
1617008125.257972479 0.1878345943 0.0701481991 0.9645422252 0.1716266038 -4.2597312204 0.5751305916 -0.9550530902
1617008125.267972469 0.1907906057 0.0723045428 0.9643634447 0.1684462654 -4.2653079786 0.5631092737 -0.9579690237
1617008125.277972460 0.1937131130 0.0744844069 0.9641681653 0.1652484552 -4.2708023968 0.5512520414 -0.9604728194
1617008125.287972450 0.1966017080 0.0766873479 0.9639564534 0.1620332530 -4.2762146306 0.5395614612 -0.9625599031
1617008125.297972441 0.1994559883 0.0789129189 0.9637283765 0.1588007439 -4.2815448421 0.5280399746 -0.9642259615
1617008125.307972431 0.2022755575 0.0811606697 0.9634840038 0.1555510171 -4.2867931992 0.5166898961 -0.9654669452
1617008125.317972422 0.2050600251 0.0834301470 0.9632234056 0.1522841669 -4.2919598756 0.5055134124 -0.9662790715
1617008125.327972412 0.2078090065 0.0857208941 0.9629466538 0.1490002920 -4.2970450504 0.4945125806 -0.9666588267
1617008125.337972403 0.2105221233 0.0880324514 0.9626538215 0.1456994955 -4.3020489080 0.4836893278 -0.9666029689
1617008125.347972393 0.2131990030 0.0903643564 0.9623449833 0.1423818853 -4.3069716378 0.4730454493 -0.9661085297
1617008125.357972383 0.2158392797 0.0927161435 0.9620202152 0.1390475736 -4.3118134338 0.4625826083 -0.9651728167
1617008125.367972374 0.2184425932 0.0950873444 0.9616795944 0.1356966769 -4.3165744949 0.4523023345 -0.9637934151
1617008125.377972364 0.2210085900 0.0974774882 0.9613231998 0.1323293164 -4.3212550238 0.4422060238 -0.9619681896
1617008125.387972355 0.2235369227 0.0998861012 0.9609511115 0.1289456172 -4.3258552277 0.4322949371 -0.9596952856
1617008125.397972345 0.2260272504 0.1023127072 0.9605634112 0.1255457090 -4.3303753171 0.4225702000 -0.9569731311
1617008125.407972336 0.2284792385 0.1047568274 0.9601601819 0.1221297255 -4.3348155065 0.4130328021 -0.9538004372
1617008125.417972326 0.2308925591 0.1072179808 0.9597415079 0.1186978045 -4.3391760135 0.4036835968 -0.9501761995
1617008125.427972317 0.2332668906 0.1096956841 0.9593074751 0.1152500882 -4.3434570586 0.3945233005 -0.9460996989
1617008125.437972307 0.2356019180 0.1121894515 0.9588581709 0.1117867224 -4.3476588655 0.3855524928 -0.9415705020
1617008125.447972536 0.2378973332 0.1146987952 0.9583936839 0.1083078573 -4.3517816601 0.3767716161 -0.9365884618
1617008125.457972527 0.2401528344 0.1172232253 0.9579141042 0.1048136466 -4.3558256708 0.3681809754 -0.9311537177
1617008125.467972517 0.2423681266 0.1197622500 0.9574195235 0.1013042483 -4.3597911281 0.3597807385 -0.9252666959
1617008125.477972507 0.2445429218 0.1223153753 0.9569100347 0.0977798238 -4.3636782643 0.3515709360 -0.9189281089
1617008125.487972498 0.2466769384 0.1248821057 0.9563857321 0.0942405385 -4.3674873132 0.3435514612 -0.9121389557
1617008125.497972488 0.2487699020 0.1274619435 0.9558467118 0.0906865613 -4.3712185101 0.3357220710 -0.9049005210
1617008125.507972479 0.2508215448 0.1300543895 0.9552930709 0.0871180648 -4.3748720914 0.3280823854 -0.8972143744
1617008125.517972469 0.2528316061 0.1326589429 0.9547249080 0.0835352251 -4.3784482942 0.3206318888 -0.8890823700
1617008125.527972460 0.2547998320 0.1352751013 0.9541423234 0.0799382218 -4.3819473565 0.3133699297 -0.8805066454
1617008125.537972450 0.2567259758 0.1379023607 0.9535454184 0.0763272379 -4.3853695165 0.3062957218 -0.8714896201
1617008125.547972441 0.2586097974 0.1405402158 0.9529342961 0.0727024598 -4.3887150126 0.2994083448 -0.8620339942
1617008125.557972431 0.2604510643 0.1431881598 0.9523090608 0.0690640770 -4.3919840833 0.2927067446 -0.8521427475
1617008125.567972422 0.2622495508 0.1458456847 0.9516698181 0.0654122824 -4.3951769665 0.2861897345 -0.8418191368
1617008125.577972412 0.2640050382 0.1485122812 0.9510166752 0.0617472720 -4.3982938998 0.2798559965 -0.8310666948
1617008125.587972403 0.2657173153 0.1511874390 0.9503497406 0.0580692447 -4.4013351199 0.2737040816 -0.8198892279
1617008125.597972393 0.2673861778 0.1538706465 0.9496691242 0.0543784026 -4.4043008627 0.2677324113 -0.8082908133
1617008125.607972383 0.2690114288 0.1565613912 0.9489749371 0.0506749507 -4.4071913628 0.2619392790 -0.7962757976
1617008125.617972374 0.2705928786 0.1592591596 0.9482672922 0.0469590967 -4.4100068532 0.2563228508 -0.7838487934
1617008125.627972364 0.2721303447 0.1619634373 0.9475463032 0.0432310511 -4.4127475655 0.2508811672 -0.7710146770
1617008125.637972355 0.2736236520 0.1646737091 0.9468120856 0.0394910274 -4.4154137293 0.2456121443 -0.7577785853
1617008125.647972345 0.2750726328 0.1673894589 0.9460647559 0.0357392414 -4.4180055721 0.2405135755 -0.7441459127
1617008125.657972336 0.2764771267 0.1701101701 0.9453044322 0.0319759115 -4.4205233194 0.2355831332 -0.7301223080
1617008125.667972326 0.2778369806 0.1728353253 0.9445312337 0.0282012588 -4.4229671937 0.2308183701 -0.7157136709
1617008125.677972317 0.2791520491 0.1755644066 0.9437452811 0.0244155066 -4.4253374153 0.2262167212 -0.7009261482
1617008125.687972307 0.2804221939 0.1782968955 0.9429466963 0.0206188807 -4.4276342013 0.2217755054 -0.6857661305
1617008125.697972536 0.2816472843 0.1810322731 0.9421356023 0.0168116089 -4.4298577659 0.2174919280 -0.6702402482
1617008125.707972527 0.2828271973 0.1837700200 0.9413121237 0.0129939215 -4.4320083197 0.2133630817 -0.6543553671
1617008125.717972517 0.2839618172 0.1865096167 0.9404763861 0.0091660508 -4.4340860701 0.2093859495 -0.6381185847
1617008125.727972507 0.2850510358 0.1892505432 0.9396285164 0.0053282310 -4.4360912208 0.2055574064 -0.6215372256
1617008125.737972498 0.2860947526 0.1919922793 0.9387686428 0.0014806984 -4.4380239715 0.2018742217 -0.6046188371
1617008125.747972488 0.2870928747 0.1947343048 0.9378968947 -0.0023763088 -4.4398845180 0.1983330612 -0.5873711845
1617008125.757972479 0.2880453166 0.1974760992 0.9370134025 -0.0062425508 -4.4416730520 0.1949304893 -0.5698022466
1617008125.767972469 0.2889520007 0.2002171420 0.9361182979 -0.0101177858 -4.4433897605 0.1916629719 -0.5519202104
1617008125.777972460 0.2898128569 0.2029569129 0.9352117140 -0.0140017706 -4.4450348261 0.1885268785 -0.5337334666
1617008125.787972450 0.2906278226 0.2056948915 0.9342937845 -0.0178942602 -4.4466084269 0.1855184846 -0.5152506037
1617008125.797972441 0.2913968432 0.2084305575 0.9333646448 -0.0217950083 -4.4481107357 0.1826339743 -0.4964804035
1617008125.807972431 0.2921198716 0.2111633909 0.9324244309 -0.0257037670 -4.4495419208 0.1798694435 -0.4774318354
1617008125.817972422 0.2927968684 0.2138928719 0.9314732802 -0.0296202873 -4.4509021448 0.1772209016 -0.4581140506
1617008125.827972412 0.2934278019 0.2166184811 0.9305113312 -0.0335443187 -4.4521915654 0.1746842749 -0.4385363769
1617008125.837972403 0.2940126483 0.2193396993 0.9295387230 -0.0374756097 -4.4534103346 0.1722554095 -0.4187083127
1617008125.847972393 0.2945513914 0.2220560079 0.9285555963 -0.0414139075 -4.4545585989 0.1699300735 -0.3986395211
1617008125.857972383 0.2950440228 0.2247668886 0.9275620924 -0.0453589586 -4.4556364990 0.1677039604 -0.3783398240
1617008125.867972374 0.2954905419 0.2274718239 0.9265583537 -0.0493105082 -4.4566441698 0.1655726919 -0.3578191964
1617008125.877972364 0.2958909558 0.2301702966 0.9255445235 -0.0532683008 -4.4575817402 0.1635318209 -0.3370877595
1617008125.887972355 0.2962452796 0.2328617903 0.9245207461 -0.0572320801 -4.4584493330 0.1615768346 -0.3161557750
1617008125.897972345 0.2965535360 0.2355457893 0.9234871666 -0.0612015891 -4.4592470648 0.1597031573 -0.2950336385
1617008125.907972336 0.2968157556 0.2382217788 0.9224439311 -0.0651765701 -4.4599750459 0.1579061539 -0.2737318734
1617008125.917972326 0.2970319767 0.2408892447 0.9213911865 -0.0691567648 -4.4606333802 0.1561811325 -0.2522611239
1617008125.927972317 0.2972022457 0.2435476736 0.9203290804 -0.0731419147 -4.4612221651 0.1545233484 -0.2306321487
1617008125.937972307 0.2973266165 0.2461965535 0.9192577613 -0.0771317606 -4.4617414914 0.1529280066 -0.2088558143
1617008125.947972536 0.2974051511 0.2488353731 0.9181773785 -0.0811260430 -4.4621914431 0.1513902653 -0.1869430883
1617008125.957972527 0.2974379193 0.2514636221 0.9170880820 -0.0851245022 -4.4625720976 0.1499052393 -0.1649050324
1617008125.967972517 0.2974249985 0.2540807917 0.9159900224 -0.0891268785 -4.4628835253 0.1484680032 -0.1427527959
1617008125.977972507 0.2973664744 0.2566863738 0.9148833511 -0.0931329118 -4.4631257900 0.1470735947 -0.1204976084
1617008125.987972498 0.2972624402 0.2592798619 0.9137682202 -0.0971423421 -4.4632989482 0.1457170181 -0.0981507730
1617008125.997972488 0.2971129970 0.2618607508 0.9126447822 -0.1011549096 -4.4634030496 0.1443932477 -0.0757236594
1617008126.007972479 0.2969182538 0.2644285364 0.9115131904 -0.1051703545 -4.4634381366 0.1430972308 -0.0532276966
1617008126.017972469 0.2966783275 0.2669827164 0.9103735984 -0.1091884171 -4.4634042448 0.1418238919 -0.0306743659
1617008126.027972460 0.2963933428 0.2695227896 0.9092261606 -0.1132088382 -4.4633014024 0.1405681353 -0.0080751940
1617008126.037972450 0.2960634323 0.2720482567 0.9080710317 -0.1172313587 -4.4631296305 0.1393248494 0.0145582546
1617008126.047972441 0.2956887362 0.2745586197 0.9069083669 -0.1212557203 -4.4628889430 0.1380889092 0.0372143845
1617008126.057972431 0.2952694029 0.2770533827 0.9057383217 -0.1252816647 -4.4625793466 0.1368551807 0.0598815766
1617008126.067972422 0.2948055884 0.2795320511 0.9045610520 -0.1293089347 -4.4622008407 0.1356185238 0.0825481956
1617008126.077972412 0.2942974566 0.2819941324 0.9033767143 -0.1333372733 -4.4617534174 0.1343737961 0.1052025967
1617008126.087972403 0.2937451791 0.2844391358 0.9021854650 -0.1373664246 -4.4612370617 0.1331158561 0.1278331335
1617008126.097972393 0.2931489354 0.2868665726 0.9009874609 -0.1413961331 -4.4606517512 0.1318395672 0.1504281647
1617008126.107972383 0.2925089127 0.2892759559 0.8997828592 -0.1454261445 -4.4599974563 0.1305398004 0.1729760617
1617008126.117972374 0.2918253063 0.2916668011 0.8985718171 -0.1494562053 -4.4592741403 0.1292114387 0.1954652156
1617008126.127972364 0.2910983187 0.2940386256 0.8973544918 -0.1534860629 -4.4584817592 0.1278493797 0.2178840447
1617008126.137972355 0.2903281607 0.2963909489 0.8961310409 -0.1575154660 -4.4576202618 0.1264485399 0.2402210014
1617008126.147972345 0.2895150504 0.2987232930 0.8949016219 -0.1615441641 -4.4566895898 0.1250038576 0.2624645796
1617008126.157972336 0.2886592140 0.3010351822 0.8936663921 -0.1655719084 -4.4556896779 0.1235102964 0.2846033217
1617008126.167972326 0.2877608850 0.3033261429 0.8924255092 -0.1695984508 -4.4546204536 0.1219628489 0.3066258258
1617008126.177972317 0.2868203050 0.3055957045 0.8911791305 -0.1736235451 -4.4534818376 0.1203565400 0.3285207531
1617008126.187972307 0.2858377229 0.3078433984 0.8899274132 -0.1776469460 -4.4522737436 0.1186864302 0.3502768344
1617008126.197972536 0.2848133954 0.3100687589 0.8886705145 -0.1816684100 -4.4509960784 0.1169476191 0.3718828775
1617008126.207972527 0.2837475868 0.3122713231 0.8874085911 -0.1856876951 -4.4496487420 0.1151352487 0.3933277742
1617008126.217972517 0.2826405689 0.3144506307 0.8861417998 -0.1897045608 -4.4482316279 0.1132445067 0.4146005070
1617008126.227972507 0.2814926211 0.3166062240 0.8848702967 -0.1937187683 -4.4467446227 0.1112706298 0.4356901561
1617008126.237972498 0.2803040305 0.3187376487 0.8835942378 -0.1977300805 -4.4451876068 0.1092089073 0.4565859061
1617008126.247972488 0.2790750914 0.3208444531 0.8823137786 -0.2017382622 -4.4435604540 0.1070546837 0.4772770530
1617008126.257972479 0.2778061058 0.3229261887 0.8810290741 -0.2057430798 -4.4418630318 0.1048033624 0.4977530104
1617008126.267972469 0.2764973829 0.3249824100 0.8797402789 -0.2097443019 -4.4400952015 0.1024504088 0.5180033166
1617008126.277972460 0.2751492395 0.3270126748 0.8784475469 -0.2137416989 -4.4382568184 0.0999913532 0.5380176409
1617008126.287972450 0.2737619998 0.3290165442 0.8771510315 -0.2177350432 -4.4363477317 0.0974217942 0.5577857900
1617008126.297972441 0.2723359951 0.3309935826 0.8758508854 -0.2217241093 -4.4343677850 0.0947374016 0.5772977143
1617008126.307972431 0.2708715641 0.3329433577 0.8745472605 -0.2257086739 -4.4323168161 0.0919339193 0.5965435145
1617008126.317972422 0.2693690528 0.3348654409 0.8732403080 -0.2296885158 -4.4301946572 0.0890071684 0.6155134471
1617008126.327972412 0.2678288143 0.3367594071 0.8719301784 -0.2336634161 -4.4280011351 0.0859530502 0.6341979314
1617008126.337972403 0.2662512089 0.3386248347 0.8706170210 -0.2376331581 -4.4257360715 0.0827675487 0.6525875547
1617008126.347972393 0.2646366041 0.3404613061 0.8693009844 -0.2415975275 -4.4233992830 0.0794467339 0.6706730783
1617008126.357972383 0.2629853742 0.3422684074 0.8679822163 -0.2455563123 -4.4209905812 0.0759867642 0.6884454437
1617008126.367972374 0.2612979008 0.3440457283 0.8666608630 -0.2495093032 -4.4185097729 0.0723838890 0.7058957778
1617008126.377972364 0.2595745723 0.3457928630 0.8653370701 -0.2534562930 -4.4159566606 0.0686344520 0.7230153985
1617008126.387972355 0.2578157840 0.3475094093 0.8640109817 -0.2573970774 -4.4133310421 0.0647348929 0.7397958203
1617008126.397972345 0.2560219382 0.3491949694 0.8626827409 -0.2613314544 -4.4106327112 0.0606817506 0.7562287593
1617008126.407972336 0.2541934438 0.3508491494 0.8613524895 -0.2652592247 -4.4078614578 0.0564716653 0.7723061387
1617008126.417972326 0.2523307165 0.3524715600 0.8600203679 -0.2691801918 -4.4050170678 0.0521013811 0.7880200936
1617008126.427972317 0.2504341787 0.3540618161 0.8586865152 -0.2730941617 -4.4020993235 0.0475677481 0.8033629759
1617008126.437972307 0.2485042595 0.3556195371 0.8573510689 -0.2770009432 -4.3991080040 0.0428677251 0.8183273591
1617008126.447972536 0.2465413944 0.3571443467 0.8560141651 -0.2809003480 -4.3960428851 0.0379983813 0.8329060430
1617008126.457972527 0.2445460254 0.3586358736 0.8546759385 -0.2847921905 -4.3929037397 0.0329568986 0.8470920581
1617008126.467972517 0.2425186010 0.3600937508 0.8533365219 -0.2886762879 -4.3896903378 0.0277405738 0.8608786700
1617008126.477972507 0.2404595760 0.3615176164 0.8519960465 -0.2925524603 -4.3864024472 0.0223468204 0.8742593835
1617008126.487972498 0.2383694115 0.3629071130 0.8506546419 -0.2964205310 -4.3830398331 0.0167731708 0.8872279467
1617008126.497972488 0.2362485746 0.3642618884 0.8493124358 -0.3002803258 -4.3796022590 0.0110172776 0.8997783549
1617008126.507972479 0.2340975389 0.3655815952 0.8479695540 -0.3041316739 -4.3760894863 0.0050769160 0.9119048543
1617008126.517972469 0.2319167837 0.3668658913 0.8466261204 -0.3079744071 -4.3725012750 -0.0010500150 0.9236019456
1617008126.527972460 0.2297067945 0.3681144396 0.8452822571 -0.3118083606 -4.3688373838 -0.0073654908 0.9348643873
1617008126.537972450 0.2274680625 0.3693269083 0.8439380840 -0.3156333725 -4.3650975703 -0.0138713598 0.9456871992
1617008126.547972441 0.2252010848 0.3705029709 0.8425937188 -0.3194492839 -4.3612815912 -0.0205693417 0.9560656654
1617008126.557972431 0.2229063642 0.3716423064 0.8412492774 -0.3232559391 -4.3573892029 -0.0274610263 0.9659953370
1617008126.567972422 0.2205844092 0.3727445992 0.8399048732 -0.3270531856 -4.3534201612 -0.0345478725 0.9754720351
1617008126.577972412 0.2182357338 0.3738095392 0.8385606174 -0.3308408740 -4.3493742222 -0.0418312065 0.9844918534
1617008126.587972403 0.2158608573 0.3748368221 0.8372166190 -0.3346188578 -4.3452511420 -0.0493122212 0.9930511606
1617008126.597972393 0.2134603046 0.3758261492 0.8358729844 -0.3383869942 -4.3410506773 -0.0569919749 1.0011466023
1617008126.607972383 0.2110346058 0.3767772278 0.8345298178 -0.3421451431 -4.3367725856 -0.0648713906 1.0087751037
1617008126.617972374 0.2085842960 0.3776897708 0.8331872208 -0.3458931679 -4.3324166253 -0.0729512549 1.0159338710
1617008126.627972364 0.2061099155 0.3785634972 0.8318452924 -0.3496309351 -4.3279825564 -0.0812322173 1.0226203932
1617008126.637972355 0.2036120097 0.3793981321 0.8305041291 -0.3533583144 -4.3234701403 -0.0897147897 1.0288324439
1617008126.647972345 0.2010911286 0.3801934067 0.8291638247 -0.3570751788 -4.3188791402 -0.0983993455 1.0345680823
1617008126.657972336 0.1985478271 0.3809490582 0.8278244702 -0.3607814046 -4.3142093217 -0.1072861195 1.0398256548
1617008126.667972326 0.1959826649 0.3816648303 0.8264861540 -0.3644768712 -4.3094604527 -0.1163752069 1.0446037956
1617008126.677972317 0.1933962059 0.3823404729 0.8251489615 -0.3681614614 -4.3046323038 -0.1256665637 1.0489014277
1617008126.687972307 0.1907890188 0.3829757424 0.8238129754 -0.3718350611 -4.2997246485 -0.1351600059 1.0527177637
1617008126.697972536 0.1881616765 0.3835704016 0.8224782753 -0.3754975595 -4.2947372639 -0.1448552096 1.0560523059
1617008126.707972527 0.1855147561 0.3841242200 0.8211449380 -0.3791488491 -4.2896699303 -0.1547517109 1.0589048469
1617008126.717972517 0.1828488388 0.3846369735 0.8198130371 -0.3827888256 -4.2845224320 -0.1648489059 1.0612754696
1617008126.727972507 0.1801645098 0.3851084449 0.8184826433 -0.3864173880 -4.2792945574 -0.1751460508 1.0631645470
1617008126.737972498 0.1774623581 0.3855384238 0.8171538240 -0.3900344385 -4.2739860993 -0.1856422624 1.0645727422
1617008126.747972488 0.1747429768 0.3859267064 0.8158266436 -0.3936398823 -4.2685968551 -0.1963365178 1.0655010076
1617008126.757972479 0.1720069622 0.3862730961 0.8145011631 -0.3972336283 -4.2631266274 -0.2072276556 1.0659505845
1617008126.767972469 0.1692549143 0.3865774031 0.8131774404 -0.4008155882 -4.2575752238 -0.2183143757 1.0659230022
1617008126.777972460 0.1664874365 0.3868394447 0.8118555301 -0.4043856770 -4.2519424575 -0.2295952400 1.0654200772
1617008126.787972450 0.1637051355 0.3870590453 0.8105354833 -0.4079438129 -4.2462281473 -0.2410686734 1.0644439117
1617008126.797972441 0.1609086210 0.3872360365 0.8092173477 -0.4114899172 -4.2404321184 -0.2527329643 1.0629968925
1617008126.807972431 0.1580985060 0.3873702570 0.8079011677 -0.4150239145 -4.2345542020 -0.2645862654 1.0610816892
1617008126.817972422 0.1552754060 0.3874615530 0.8065869843 -0.4185457323 -4.2285942362 -0.2766265947 1.0587012530
1617008126.827972412 0.1524399396 0.3875097779 0.8052748347 -0.4220553013 -4.2225520657 -0.2888518366 1.0558588142
1617008126.837972403 0.1495927278 0.3875147926 0.8039647529 -0.4255525554 -4.2164275425 -0.3012597426 1.0525578805
1617008126.847972393 0.1467343941 0.3874764655 0.8026567690 -0.4290374313 -4.2102205258 -0.3138479332 1.0488022348
1617008126.857972383 0.1438655645 0.3873946724 0.8013509096 -0.4325098690 -4.2039308826 -0.3266138984 1.0445959325
1617008126.867972374 0.1409868671 0.3872692968 0.8000471978 -0.4359698112 -4.1975584879 -0.3395549996 1.0399432992
1617008126.877972364 0.1380989321 0.3871002297 0.7987456529 -0.4394172039 -4.1911032245 -0.3526684707 1.0348489277
1617008126.887972355 0.1352023918 0.3868873701 0.7974462904 -0.4428519957 -4.1845649839 -0.3659514198 1.0293176755
1617008126.897972345 0.1322978800 0.3866306243 0.7961491221 -0.4462741384 -4.1779436661 -0.3794008307 1.0233546612
1617008126.907972336 0.1293860323 0.3863299067 0.7948541563 -0.4496835866 -4.1712391800 -0.3930135648 1.0169652615
1617008126.917972326 0.1264674861 0.3859851394 0.7935613972 -0.4530802976 -4.1644514437 -0.4067863623 1.0101551079
1617008126.927972317 0.1235428798 0.3855962525 0.7922708452 -0.4564642316 -4.1575803844 -0.4207158449 1.0029300830
1617008126.937972307 0.1206128533 0.3851631839 0.7909824971 -0.4598353517 -4.1506259391 -0.4347985169 0.9952963165
1617008126.947972536 0.1176780473 0.3846858794 0.7896963457 -0.4631936235 -4.1435880544 -0.4490307675 0.9872601820
1617008126.957972527 0.1147391039 0.3841642931 0.7884123800 -0.4665390155 -4.1364666872 -0.4634088729 0.9788282923
1617008126.967972517 0.1117966656 0.3835983869 0.7871305850 -0.4698714988 -4.1292618041 -0.4779289986 0.9700074954
1617008126.977972507 0.1088513759 0.3829881307 0.7858509419 -0.4731910469 -4.1219733826 -0.4925872013 0.9608048705
1617008126.987972498 0.1059038786 0.3823335028 0.7845734280 -0.4764976361 -4.1146014105 -0.5073794311 0.9512277230
1617008126.997972488 0.1029548179 0.3816344894 0.7832980167 -0.4797912453 -4.1071458865 -0.5223015343 0.9412835802
1617008127.007972479 0.1000048383 0.3808910849 0.7820246774 -0.4830718556 -4.0996068203 -0.5373492554 0.9309801863
1617008127.017972469 0.0970545843 0.3801032922 0.7807533756 -0.4863394508 -4.0919842328 -0.5525182397 0.9203254981
1617008127.027972460 0.0941047006 0.3792711220 0.7794840730 -0.4895940168 -4.0842781560 -0.5678040362 0.9093276789
1617008127.037972450 0.0911558313 0.3783945936 0.7782167271 -0.4928355422 -4.0764886337 -0.5832020994 0.8979950945
1617008127.047972441 -0.0882086203 -0.3774737343 -0.7769512917 0.4960640175 -4.0686157213 -0.5987077927 0.8863363069
1617008127.057972431 -0.0852637112 -0.3765085800 -0.7756877166 0.4992794358 -4.0606594858 -0.6143163908 0.8743600697
1617008127.067972422 -0.0823217467 -0.3754991747 -0.7744259476 0.5024817921 -4.0526200064 -0.6300230827 0.8620753221
1617008127.077972412 -0.0793833687 -0.3744455708 -0.7731659268 0.5056710838 -4.0444973742 -0.6458229742 0.8494911832
1617008127.087972403 -0.0764492183 -0.3733478290 -0.7719075920 0.5088473101 -4.0362916928 -0.6617110910 0.8366169466
1617008127.097972393 -0.0735199353 -0.3722060186 -0.7706508775 0.5120104724 -4.0280030780 -0.6776823818 0.8234620742
1617008127.107972383 -0.0705961585 -0.3710202169 -0.7693957135 0.5151605740 -4.0196316579 -0.6937317209 0.8100361903
1617008127.117972374 -0.0676785251 -0.3697905100 -0.7681420264 0.5182976203 -4.0111775735 -0.7098539117 0.7963490756
1617008127.127972364 -0.0647676709 -0.3685169919 -0.7668897387 0.5214216184 -4.0026409784 -0.7260436893 0.7824106610
1617008127.137972355 -0.0618642298 -0.3671997655 -0.7656387691 0.5245325772 -3.9940220388 -0.7422957240 0.7682310212
1617008127.147972345 -0.0589688341 -0.3658389417 -0.7643890324 0.5276305075 -3.9853209340 -0.7586046245 0.7538203684
1617008127.157972336 -0.0560821140 -0.3644346401 -0.7631404399 0.5307154215 -3.9765378561 -0.7749649408 0.7391890460
1617008127.167972326 -0.0532046976 -0.3629869884 -0.7618928987 0.5337873335 -3.9676730103 -0.7913711677 0.7243475218
1617008127.177972317 -0.0503372106 -0.3614961230 -0.7606463124 0.5368462589 -3.9587266149 -0.8078177479 0.7093063815
1617008127.187972307 -0.0474802766 -0.3599621883 -0.7594005810 0.5398922150 -3.9496989013 -0.8242990756 0.6940763220
1617008127.197972536 -0.0446345163 -0.3583853375 -0.7581556007 0.5429252204 -3.9405901141 -0.8408094997 0.6786681449
1617008127.207972527 -0.0418005479 -0.3567657319 -0.7569112640 0.5459452950 -3.9314005111 -0.8573433271 0.6630927490
1617008127.217972517 -0.0389789865 -0.3551035410 -0.7556674599 0.5489524604 -3.9221303634 -0.8738948261 0.6473611242
1617008127.227972507 -0.0361704445 -0.3533989431 -0.7544240738 0.5519467391 -3.9127799553 -0.8904582302 0.6314843441
1617008127.237972498 -0.0333755310 -0.3516521243 -0.7531809877 0.5549281550 -3.9033495847 -0.9070277411 0.6154735590
1617008127.247972488 -0.0305948518 -0.3498632793 -0.7519380798 0.5578967333 -3.8938395624 -0.9235975323 0.5993399890
1617008127.257972479 -0.0278290095 -0.3480326109 -0.7506952252 0.5608525001 -3.8842502127 -0.9401617529 0.5830949170
1617008127.267972469 -0.0250786028 -0.3461603303 -0.7494522955 0.5637954826 -3.8745818733 -0.9567145306 0.5667496813
1617008127.277972460 -0.0223442271 -0.3442466569 -0.7482091588 0.5667257091 -3.8648348950 -0.9732499758 0.5503156686
1617008127.287972450 -0.0196264736 -0.3422918181 -0.7469656803 0.5696432088 -3.8550096419 -0.9897621846 0.5338043066
1617008127.297972441 -0.0169259297 -0.3402960495 -0.7457217215 0.5725480117 -3.8451064915 -1.0062452428 0.5172270574
1617008127.307972431 -0.0142431788 -0.3382595950 -0.7444771411 0.5754401486 -3.8351258343 -1.0226932291 0.5005954094
1617008127.317972422 -0.0115788000 -0.3361827064 -0.7432317945 0.5783196512 -3.8250680740 -1.0391002189 0.4839208705
1617008127.327972412 -0.0089333679 -0.3340656435 -0.7419855340 0.5811865519 -3.8149336274 -1.0554602877 0.4672149610
1617008127.337972403 -0.0063074528 -0.3319086744 -0.7407382090 0.5840408836 -3.8047229242 -1.0717675148 0.4504892060
1617008127.347972393 -0.0037016204 -0.3297120747 -0.7394896659 0.5868826798 -3.7944364073 -1.0880159869 0.4337551281
1617008127.357972383 -0.0011164314 -0.3274761282 -0.7382397483 0.5897119746 -3.7840745323 -1.1041998013 0.4170242404
1617008127.367972374 0.0014475580 -0.3252011266 -0.7369882969 0.5925288027 -3.7736377674 -1.1203130701 0.4003080389
1617008127.377972364 0.0039897970 -0.3228873693 -0.7357351497 0.5953331989 -3.7631265940 -1.1363499229 0.3836179957
1617008127.387972355 0.0065097395 -0.3205351633 -0.7344801421 0.5981251987 -3.7525415055 -1.1523045112 0.3669655511
1617008127.397972345 0.0090068450 -0.3181448236 -0.7332231067 0.6009048376 -3.7418830082 -1.1681710111 0.3503621069
1617008127.407972336 0.0114805782 -0.3157166726 -0.7319638737 0.6036721515 -3.7311516206 -1.1839436276 0.3338190191
1617008127.417972326 0.0139304091 -0.3132510405 -0.7307022710 0.6064271766 -3.7203478735 -1.1996165975 0.3173475906
1617008127.427972317 0.0163558136 -0.3107482648 -0.7294381239 0.6091699490 -3.7094723097 -1.2151841929 0.3009590639
1617008127.437972307 0.0187562731 -0.3082086906 -0.7281712554 0.6119005051 -3.6985254841 -1.2306407250 0.2846646145
1617008127.447972536 0.0211312749 -0.3056326704 -0.7269014863 0.6146188812 -3.6875079633 -1.2459805473 0.2684753433
1617008127.457972527 0.0234803121 -0.3030205639 -0.7256286356 0.6173251137 -3.6764203257 -1.2611980589 0.2524022702
1617008127.467972517 0.0258028838 -0.3003727382 -0.7243525196 0.6200192389 -3.6652631613 -1.2762877079 0.2364563263
1617008127.477972507 0.0280984956 -0.2976895675 -0.7230729532 0.6227012930 -3.6540370711 -1.2912439949 0.2206483477
1617008127.487972498 0.0303666588 -0.2949714330 -0.7217897492 0.6253713119 -3.6427426677 -1.3060614762 0.2049890686
1617008127.497972488 0.0326068914 -0.2922187232 -0.7205027185 0.6280293314 -3.6313805746 -1.3207347670 0.1894891139
1617008127.507972479 0.0348187177 -0.2894318334 -0.7192116703 0.6306753872 -3.6199514260 -1.3352585445 0.1741589933
1617008127.517972469 0.0370016686 -0.2866111657 -0.7179164124 0.6333095144 -3.6084558668 -1.3496275514 0.1590090942
1617008127.527972460 0.0391552816 -0.2837571292 -0.7166167508 0.6359317480 -3.5968945525 -1.3638365990 0.1440496751
1617008127.537972450 0.0412791008 -0.2808701394 -0.7153124901 0.6385421225 -3.5852681488 -1.3778805699 0.1292908594
1617008127.547972441 0.0433726772 -0.2779506187 -0.7140034336 0.6411406720 -3.5735773315 -1.3917544216 0.1147426286
1617008127.557972431 0.0454355687 -0.2749989960 -0.7126893834 0.6437274300 -3.5618227860 -1.4054531890 0.1004148167
1617008127.567972422 0.0474673402 -0.2720157066 -0.7113701402 0.6463024297 -3.5500052076 -1.4189719878 0.0863171031
1617008127.577972412 0.0494675637 -0.2690011920 -0.7100455037 0.6488657037 -3.5381253011 -1.4323060171 0.0724590070
1617008127.587972403 0.0514358181 -0.2659559002 -0.7087152729 0.6514172839 -3.5261837803 -1.4454505624 0.0588498816
1617008127.597972393 0.0533716899 -0.2628802853 -0.7073792454 0.6539572016 -3.5141813680 -1.4584009984 0.0454989076
1617008127.607972383 0.0552747725 -0.2597748075 -0.7060372183 0.6564854875 -3.5021187960 -1.4711527916 0.0324150879
1617008127.617972374 0.0571446670 -0.2566399328 -0.7046889881 0.6590021715 -3.4899968042 -1.4837015031 0.0196072414
1617008127.627972364 0.0589809817 -0.2534761332 -0.7033343503 0.6615072829 -3.4778161413 -1.4960427913 0.0070839982
1617008127.637972355 0.0607833326 -0.2502838866 -0.7019731002 0.6640008502 -3.4655775635 -1.5081724142 -0.0051462065
1617008127.647972345 0.0625513432 -0.2470636765 -0.7006050327 0.6664829011 -3.4532818354 -1.5200862322 -0.0170751377
1617008127.657972336 0.0642846446 -0.2438159917 -0.6992299421 0.6689534623 -3.4409297285 -1.5317802104 -0.0286947653
1617008127.667972326 0.0659828756 -0.2405413270 -0.6978476227 0.6714125600 -3.4285220222 -1.5432504208 -0.0399972696
1617008127.677972317 0.0676456829 -0.2372401820 -0.6964578686 0.6738602191 -3.4160595027 -1.5544930450 -0.0509750463
1617008127.687972307 0.0692727209 -0.2339130619 -0.6950604740 0.6762964640 -3.4035429628 -1.5655043761 -0.0616207109
1617008127.697972536 0.0708636518 -0.2305604769 -0.6936552329 0.6787213178 -3.3909732023 -1.5762808209 -0.0719271036
1617008127.707972527 0.0724181459 -0.2271829424 -0.6922419396 0.6811348030 -3.3783510269 -1.5868189022 -0.0818872938
1617008127.717972517 0.0739358815 -0.2237809785 -0.6908203888 0.6835369408 -3.3656772486 -1.5971152604 -0.0914945846
1617008127.727972507 0.0754165446 -0.2203551103 -0.6893903753 0.6859277517 -3.3529526849 -1.6071666560 -0.1007425168
1617008127.737972498 0.0768598297 -0.2169058675 -0.6879516945 0.6883072549 -3.3401781591 -1.6169699711 -0.1096248730
1617008127.747972488 0.0782654390 -0.2134337843 -0.6865041424 0.6906754688 -3.3273544995 -1.6265222110 -0.1181356816
1617008127.757972479 0.0796330832 -0.2099393995 -0.6850475155 0.6930324106 -3.3144825395 -1.6358205067 -0.1262692207
1617008127.767972469 0.0809624810 -0.2064232563 -0.6835816111 0.6953780964 -3.3015631172 -1.6448621154 -0.1340200212
1617008127.777972460 0.0822533593 -0.2028859020 -0.6821062273 0.6977125414 -3.2885970751 -1.6536444232 -0.1413828710
1617008127.787972450 0.0835054533 -0.1993278880 -0.6806211632 0.7000357595 -3.2755852599 -1.6621649457 -0.1483528177
1617008127.797972441 0.0847185065 -0.1957497697 -0.6791262189 0.7023477636 -3.2625285221 -1.6704213298 -0.1549251717
1617008127.807972431 0.0858922707 -0.1921521066 -0.6776211956 0.7046485656 -3.2494277161 -1.6784113551 -0.1610955096
1617008127.817972422 0.0870265060 -0.1885354616 -0.6761058957 0.7069381760 -3.2362836994 -1.6861329347 -0.1668596766
1617008127.827972412 0.0881209810 -0.1849004015 -0.6745801229 0.7092166044 -3.2230973328 -1.6935841168 -0.1722137894
1617008127.837972403 0.0891754724 -0.1812474965 -0.6730436823 0.7114838591 -3.2098694797 -1.7007630855 -0.1771542382
1617008127.847972393 0.0901897655 -0.1775773203 -0.6714963805 0.7137399474 -3.1966010063 -1.7076681618 -0.1816776893
1617008127.857972383 0.0911636540 -0.1738904495 -0.6699380257 0.7159848752 -3.1832927810 -1.7142978047 -0.1857810873
1617008127.867972374 0.0920969400 -0.1701874644 -0.6683684275 0.7182186476 -3.1699456743 -1.7206506115 -0.1894616567
1617008127.877972364 0.0929894341 -0.1664689478 -0.6667873976 0.7204412682 -3.1565605583 -1.7267253192 -0.1927169038
1617008127.887972355 0.0938409551 -0.1627354858 -0.6651947494 0.7226527397 -3.1431383069 -1.7325208045 -0.1955446181
1617008127.897972345 0.0946513305 -0.1589876670 -0.6635902981 0.7248530635 -3.1296797950 -1.7380360846 -0.1979428740
1617008127.907972336 0.0954203963 -0.1552260826 -0.6619738610 0.7270422399 -3.1161858986 -1.7432703179 -0.1999100318
1617008127.917972326 0.0961479967 -0.1514513267 -0.6603452575 0.7292202680 -3.1026574945 -1.7482228040 -0.2014447384
1617008127.927972317 0.0968339846 -0.1476639953 -0.6587043091 0.7313871459 -3.0890954598 -1.7528929839 -0.2025459288
1617008127.937972307 0.0974782211 -0.1438646869 -0.6570508395 0.7335428703 -3.0755006719 -1.7572804406 -0.2032128263
1617008127.947972536 0.0980805761 -0.1400540023 -0.6553846750 0.7356874369 -3.0618740083 -1.7613848989 -0.2034449429
1617008127.957972527 0.0986409277 -0.1362325440 -0.6537056438 0.7378208404 -3.0482163462 -1.7652062256 -0.2032420799
1617008127.967972517 0.0991591624 -0.1324009165 -0.6520135771 0.7399430743 -3.0345285620 -1.7687444292 -0.2026043278
1617008127.977972507 0.0996351753 -0.1285597262 -0.6503083082 0.7420541307 -3.0208115318 -1.7719996599 -0.2015320662
1617008127.987972498 0.1000688699 -0.1247095809 -0.6485896733 0.7441540011 -3.0070661303 -1.7749722092 -0.2000259636
1617008127.997972488 0.1004601579 -0.1208510901 -0.6468575113 0.7462426755 -2.9932932312 -1.7776625097 -0.1980869770
1617008128.007972479 0.1008089596 -0.1169848645 -0.6451116636 0.7483201431 -2.9794937067 -1.7800711348 -0.1957163512
1617008128.017972469 0.1011152037 -0.1131115163 -0.6433519747 0.7503863919 -2.9656684272 -1.7821987979 -0.1929156177
1617008128.027972460 0.1013788270 -0.1092316585 -0.6415782919 0.7524414088 -2.9518182611 -1.7840463516 -0.1896865944
1617008128.037972450 0.1015997748 -0.1053459055 -0.6397904653 0.7544851797 -2.9379440750 -1.7856147879 -0.1860313837
1617008128.047972441 0.1017780007 -0.1014548722 -0.6379883483 0.7565176897 -2.9240467328 -1.7869052364 -0.1819523715
1617008128.057972431 0.1019134665 -0.0975591745 -0.6361717973 0.7585389227 -2.9101270959 -1.7879189640 -0.1774522256
1617008128.067972422 0.1020061425 -0.0936594287 -0.6343406716 0.7605488615 -2.8961860230 -1.7886573739 -0.1725338939
1617008128.077972412 0.1020560068 -0.0897562520 -0.6324948340 0.7625474882 -2.8822243696 -1.7891220046 -0.1672006027
1617008128.087972403 0.1020630461 -0.0858502615 -0.6306341504 0.7645347838 -2.8682429882 -1.7893145283 -0.1614558543
1617008128.097972393 0.1020272550 -0.0819420750 -0.6287584901 0.7665107284 -2.8542427277 -1.7892367507 -0.1553034250
1617008128.107972383 0.1019486363 -0.0780323101 -0.6268677257 0.7684753013 -2.8402244335 -1.7888906085 -0.1487473627
1617008128.117972374 0.1018272011 -0.0741215845 -0.6249617331 0.7704284807 -2.8261889471 -1.7882781693 -0.1417919840
1617008128.127972364 0.1016629682 -0.0702105159 -0.6230403920 0.7723702443 -2.8121371062 -1.7874016289 -0.1344418717
1617008128.137972355 0.1014559647 -0.0662997218 -0.6211035852 0.7743005686 -2.7980697441 -1.7862633110 -0.1267018719
1617008128.147972345 0.1012062255 -0.0623898191 -0.6191511993 0.7762194295 -2.7839876900 -1.7848656646 -0.1185770906
1617008128.157972336 0.1009137937 -0.0584814246 -0.6171831245 0.7781268021 -2.7698917683 -1.7832112629 -0.1100728907
1617008128.167972326 0.1005787201 -0.0545751540 -0.6151992544 0.7800226606 -2.7557827988 -1.7813028015 -0.1011948883
1617008128.177972317 0.1002010633 -0.0506716229 -0.6131994866 0.7819069786 -2.7416615966 -1.7791430963 -0.0919489496
1617008128.187972307 0.0997808899 -0.0467714457 -0.6111837222 0.7837797290 -2.7275289716 -1.7767350819 -0.0823411864
1617008128.197972536 0.0993182742 -0.0428752358 -0.6091518660 0.7856408841 -2.7133857286 -1.7740818095 -0.0723779529
1617008128.207972527 0.0988132983 -0.0389836059 -0.6071038268 0.7874904152 -2.6992326671 -1.7711864449 -0.0620658412
1617008128.217972517 0.0982660519 -0.0350971672 -0.6050395170 0.7893282934 -2.6850705810 -1.7680522663 -0.0514116771
1617008128.227972507 0.0976766322 -0.0312165298 -0.6029588529 0.7911544890 -2.6709002588 -1.7646826622 -0.0404225159
1617008128.237972498 0.0970451443 -0.0273423024 -0.6008617548 0.7929689717 -2.6567224830 -1.7610811292 -0.0291056380
1617008128.247972488 0.0963717007 -0.0234750920 -0.5987481467 0.7947717107 -2.6425380305 -1.7572512696 -0.0174685438
1617008128.257972479 0.0956564212 -0.0196155042 -0.5966179566 0.7965626748 -2.6283476721 -1.7531967891 -0.0055189492
1617008128.267972469 0.0948994334 -0.0157641429 -0.5944711164 0.7983418323 -2.6141521723 -1.7489214942 0.0067352192
1617008128.277972460 0.0941008719 -0.0119216100 -0.5923075619 0.8001091508 -2.5999522896 -1.7444292900 0.0192858296
1617008128.287972450 0.0932608789 -0.0080885055 -0.5901272332 0.8018645978 -2.5857487760 -1.7397241773 0.0321245498
1617008128.297972441 0.0923796038 -0.0042654274 -0.5879300739 0.8036081403 -2.5715423773 -1.7348102504 0.0452428526
1617008128.307972431 0.0914572032 -0.0004529715 -0.5857160319 0.8053397449 -2.5573338324 -1.7296916938 0.0586320215
1617008128.317972422 0.0904938409 0.0033482686 -0.5834850591 0.8070593780 -2.5431238738 -1.7243727803 0.0722831561
1617008128.327972412 0.0894896877 0.0071377018 -0.5812371114 0.8087670056 -2.5289132273 -1.7188578674 0.0861871776
1617008128.337972403 0.0884449217 0.0109147392 -0.5789721486 0.8104625935 -2.5147026117 -1.7131513951 0.1003348350
1617008128.347972393 0.0873597277 0.0146787948 -0.5766901347 0.8121461072 -2.5004927390 -1.7072578826 0.1147167108
1617008128.357972383 0.0862342976 0.0184292851 -0.5743910377 0.8138175122 -2.4862843142 -1.7011819258 0.1293232269
1617008128.367972374 0.0850688303 0.0221656293 -0.5720748296 0.8154767736 -2.4720780354 -1.6949281937 0.1441446509
1617008128.377972364 0.0838635313 0.0258872496 -0.5697414865 0.8171238566 -2.4578745934 -1.6885014261 0.1591711024
1617008128.387972355 0.0826186130 0.0295935711 -0.5673909885 0.8187587260 -2.4436746721 -1.6819064300 0.1743925591
1617008128.397972345 0.0813342944 0.0332840220 -0.5650233198 0.8203813470 -2.4294789478 -1.6751480769 0.1897988632
1617008128.407972336 0.0800108013 0.0369580336 -0.5626384685 0.8219916844 -2.4152880900 -1.6682312993 0.2053797282
1617008128.417972326 0.0786483660 0.0406150405 -0.5602364268 0.8235897031 -2.4011027606 -1.6611610878 0.2211247451
1617008128.427972317 0.0772472274 0.0442544806 -0.5578171910 0.8251753682 -2.3869236142 -1.6539424878 0.2370233894
1617008128.437972307 0.0758076306 0.0478757953 -0.5553807613 0.8267486446 -2.3727512981 -1.6465805962 0.2530650274
1617008128.447972536 0.0743298276 0.0514784294 -0.5529271420 0.8283094975 -2.3585864522 -1.6390805583 0.2692389235
1617008128.457972527 0.0728140763 0.0550618315 -0.5504563413 0.8298578923 -2.3444297090 -1.6314475645 0.2855342466
1617008128.467972517 0.0712606411 0.0586254536 -0.5479683713 0.8313937943 -2.3302816934 -1.6236868467 0.3019400773
1617008128.477972507 0.0696697926 0.0621687519 -0.5454632482 0.8329171694 -2.3161430231 -1.6158036752 0.3184454149
1617008128.487972498 0.0680418075 0.0656911861 -0.5429409921 0.8344279835 -2.3020143081 -1.6078033554 0.3350391842
1617008128.497972488 0.0663769687 0.0691922201 -0.5404016270 0.8359262026 -2.2878961511 -1.5996912243 0.3517102429
1617008128.507972479 0.0646755651 0.0726713216 -0.5378451807 0.8374117935 -2.2737891473 -1.5914726471 0.3684473883
1617008128.517972469 0.0629378915 0.0761279628 -0.5352716850 0.8388847229 -2.2596938845 -1.5831530138 0.3852393650
1617008128.527972460 0.0611642489 0.0795616196 -0.5326811754 0.8403449582 -2.2456109428 -1.5747377358 0.4020748714
1617008128.537972450 0.0593549437 0.0829717727 -0.5300736914 0.8417924669 -2.2315408954 -1.5662322424 0.4189425678
1617008128.547972441 0.0575102886 0.0863579068 -0.5274492762 0.8432272171 -2.2174843074 -1.5576419773 0.4358310829
1617008128.557972431 0.0556306017 0.0897195112 -0.5248079767 0.8446491775 -2.2034417372 -1.5489723956 0.4527290213
1617008128.567972422 0.0537162068 0.0930560796 -0.5221498435 0.8460583172 -2.1894137354 -1.5402289597 0.4696249709
1617008128.577972412 0.0517674335 0.0963671105 -0.5194749312 0.8474546057 -2.1754008454 -1.5314171362 0.4865075103
1617008128.587972403 0.0497846167 0.0996521069 -0.5167832976 0.8488380133 -2.1614036034 -1.5225423924 0.5033652157
1617008128.597972393 0.0477680972 0.1029105765 -0.5140750046 0.8502085108 -2.1474225383 -1.5136101928 0.5201866685
1617008128.607972383 0.0457182206 0.1061420319 -0.5113501172 0.8515660696 -2.1334581719 -1.5046259957 0.5369604626
1617008128.617972374 0.0436353386 0.1093459907 -0.5086087045 0.8529106619 -2.1195110187 -1.4955952497 0.5536752116
1617008128.627972364 0.0415198075 0.1125219752 -0.5058508387 0.8542422605 -2.1055815863 -1.4865233904 0.5703195561
1617008128.637972355 0.0393719895 0.1156695130 -0.5030765957 0.8555608389 -2.0916703751 -1.4774158367 0.5868821710
1617008128.647972345 0.0371922514 0.1187881365 -0.5002860546 0.8568663715 -2.0777778786 -1.4682779876 0.6033517727
1617008128.657972336 0.0349809656 0.1218773834 -0.4974792982 0.8581588334 -2.0639045836 -1.4591152190 0.6197171264
1617008128.667972326 0.0327385092 0.1249367968 -0.4946564125 0.8594382005 -2.0500509699 -1.4499328798 0.6359670533
1617008128.677972317 0.0304652646 0.1279659248 -0.4918174868 0.8607044495 -2.0362175106 -1.4407362889 0.6520904376
1617008128.687972307 0.0281616190 0.1309643209 -0.4889626136 0.8619575583 -2.0224046720 -1.4315307318 0.6680762336
1617008128.697972536 0.0258279644 0.1339315443 -0.4860918889 0.8631975054 -2.0086129142 -1.4223214574 0.6839134731
1617008128.707972527 0.0234646978 0.1368671594 -0.4832054115 0.8644242702 -1.9948426903 -1.4131136745 0.6995912720
1617008128.717972517 0.0210722209 0.1397707361 -0.4803032835 0.8656378335 -1.9810944474 -1.4039125485 0.7150988375
1617008128.727972507 0.0186509401 0.1426418502 -0.4773856101 0.8668381765 -1.9673686262 -1.3947231986 0.7304254752
1617008128.737972498 0.0162012663 0.1454800828 -0.4744524996 0.8680252819 -1.9536656610 -1.3855506939 0.7455605954
1617008128.747972488 0.0137236152 0.1482850211 -0.4715040630 0.8691991334 -1.9399859803 -1.3764000510 0.7604937204
1617008128.757972479 0.0112184069 0.1510562578 -0.4685404145 0.8703597155 -1.9263300064 -1.3672762303 0.7752144909
1617008128.767972469 0.0086860661 0.1537933916 -0.4655616710 0.8715070140 -1.9126981556 -1.3581841333 0.7897126728
1617008128.777972460 0.0061270217 0.1564960269 -0.4625679522 0.8726410160 -1.8990908387 -1.3491285992 0.8039781638
1617008128.787972450 0.0035417071 0.1591637742 -0.4595593808 0.8737617094 -1.8855084606 -1.3401144021 0.8180009996
1617008128.797972441 0.0009305598 0.1617962500 -0.4565360818 0.8748690837 -1.8719514207 -1.3311462480 0.8317713605
1617008128.807972431 -0.0017059781 0.1643930768 -0.4534981833 0.8759631292 -1.8584201131 -1.3222287718 0.8452795778
1617008128.817972422 -0.0043674608 0.1669538834 -0.4504458156 0.8770438377 -1.8449149263 -1.3133665348 0.8585161398
1617008128.827972412 -0.0070534381 0.1694783044 -0.4473791118 0.8781112024 -1.8314362439 -1.3045640212 0.8714716979
1617008128.837972403 -0.0097634559 0.1719659809 -0.4442982073 0.8791652173 -1.8179844441 -1.2958256359 0.8841370727
1617008128.847972393 -0.0124970559 0.1744165603 -0.4412032400 0.8802058782 -1.8045599006 -1.2871557015 0.8965032599
1617008128.857972383 -0.0152537761 0.1768296960 -0.4380943502 0.8812331821 -1.7911629820 -1.2785584558 0.9085614358
1617008128.867972374 -0.0180331506 0.1792050482 -0.4349716805 0.8822471271 -1.7777940522 -1.2700380491 0.9203029636
1617008128.877972364 -0.0208347096 0.1815422831 -0.4318353756 0.8832477131 -1.7644534707 -1.2615985415 0.9317193982
1617008128.887972355 -0.0236579796 0.1838410737 -0.4286855825 0.8842349410 -1.7511415927 -1.2532439008 0.9428024920
1617008128.897972345 -0.0265024835 0.1861010992 -0.4255224503 0.8852088135 -1.7378587688 -1.2449779997 0.9535442003
1617008128.907972336 -0.0293677403 0.1883220457 -0.4223461302 0.8861693344 -1.7246053460 -1.2368046135 0.9639366862
1617008128.917972326 -0.0322532659 0.1905036056 -0.4191567752 0.8871165092 -1.7113816668 -1.2287274179 0.9739723260
1617008128.927972317 -0.0351585722 0.1926454782 -0.4159545404 0.8880503448 -1.6981880702 -1.2207499868 0.9836437136
1617008128.937972307 -0.0380831680 0.1947473693 -0.4127395828 0.8889708495 -1.6850248916 -1.2128757898 0.9929436656
1617008128.947972536 -0.0410265585 0.1968089915 -0.4095120610 0.8898780334 -1.6718924626 -1.2051081906 1.0018652261
1617008128.957972527 -0.0439882459 0.1988300643 -0.4062721356 0.8907719077 -1.6587911117 -1.1974504446 1.0104016707
1617008128.967972517 -0.0469677287 0.2008103138 -0.4030199687 0.8916524857 -1.6457211641 -1.1899056969 1.0185465112
1617008128.977972507 -0.0499645025 0.2027494732 -0.3997557240 0.8925197817 -1.6326829418 -1.1824769806 1.0262934997
1617008128.987972498 -0.0529780597 0.2046472825 -0.3964795669 0.8933738120 -1.6196767642 -1.1751672151 1.0336366324
1617008128.997972488 -0.0560078897 0.2065034886 -0.3931916640 0.8942145944 -1.6067029476 -1.1679792037 1.0405701540
1617008129.007972479 -0.0590534786 0.2083178455 -0.3898921837 0.8950421482 -1.5937618061 -1.1609156329 1.0470885609
1617008129.017972469 -0.0621143101 0.2100901141 -0.3865812955 0.8958564943 -1.5808536511 -1.1539790699 1.0531866050
1617008129.027972460 -0.0651898644 0.2118200627 -0.3832591701 0.8966576555 -1.5679787918 -1.1471719617 1.0588592971
1617008129.037972450 -0.0682796193 0.2135074663 -0.3799259796 0.8974456560 -1.5551375353 -1.1404966334 1.0641019100
1617008129.047972441 -0.0713830496 0.2151521072 -0.3765818973 0.8982205217 -1.5423301869 -1.1339552867 1.0689099819
1617008129.057972431 -0.0744996278 0.2167537750 -0.3732270973 0.8989822803 -1.5295570498 -1.1275499989 1.0732793187
1617008129.067972422 -0.0776288232 0.2183122665 -0.3698617550 0.8997309611 -1.5168184259 -1.1212827218 1.0772059976
1617008129.077972412 -0.0807701031 0.2198273857 -0.3664860466 0.9004665949 -1.5041146155 -1.1151552800 1.0806863686
1617008129.087972403 -0.0839229319 0.2212989438 -0.3631001493 0.9011892146 -1.4914459176 -1.1091693704 1.0837170579
1617008129.097972393 -0.0870867719 0.2227267595 -0.3597042410 0.9018988545 -1.4788126301 -1.1033265612 1.0862949695
1617008129.107972383 -0.0902610827 0.2241106589 -0.3562985004 0.9025955507 -1.4662150499 -1.0976282907 1.0884172873
1617008129.117972374 -0.0934453220 0.2254504754 -0.3528831069 0.9032793410 -1.4536534732 -1.0920758669 1.0900814772
1617008129.127972364 -0.0966389451 0.2267460498 -0.3494582405 0.9039502649 -1.4411281954 -1.0866704665 1.0912852885
1617008129.137972355 -0.0998414050 0.2279972305 -0.3460240818 0.9046083636 -1.4286395115 -1.0814131346 1.0920267556
1617008129.147972345 -0.1030521528 0.2292038733 -0.3425808117 0.9052536803 -1.4161877163 -1.0763047837 1.0923041992
1617008129.157972336 -0.1062706376 0.2303658417 -0.3391286119 0.9058862595 -1.4037731041 -1.0713461939 1.0921162276
1617008129.167972326 -0.1094963067 0.2314830065 -0.3356676640 0.9065061477 -1.3913959696 -1.0665380118 1.0914617375
1617008129.177972317 -0.1127286051 0.2325552463 -0.3321981502 0.9071133931 -1.3790566073 -1.0618807509 1.0903399146
1617008129.187972307 -0.1159669765 0.2335824474 -0.3287202529 0.9077080456 -1.3667553123 -1.0573747911 1.0887502348
1617008129.197972536 -0.1192108626 0.2345645034 -0.3252341545 0.9082901567 -1.3544923801 -1.0530203786 1.0866924637
1617008129.207972527 -0.1224597035 0.2355013161 -0.3217400375 0.9088597798 -1.3422681068 -1.0488176258 1.0841666579
1617008129.217972517 -0.1257129379 0.2363927945 -0.3182380846 0.9094169701 -1.3300827891 -1.0447665118 1.0811731639
1617008129.227972507 -0.1289700028 0.2372388557 -0.3147284783 0.9099617842 -1.3179367250 -1.0408668819 1.0777126189
1617008129.237972498 -0.1322303339 0.2380394245 -0.3112114011 0.9104942806 -1.3058302133 -1.0371184485 1.0737859500
1617008129.247972488 -0.1354933656 0.2387944334 -0.3076870353 0.9110145195 -1.2937635542 -1.0335207911 1.0693943736
1617008129.257972479 -0.1387585310 0.2395038228 -0.3041555628 0.9115225628 -1.2817370492 -1.0300733568 1.0645393950
1617008129.267972469 -0.1420252621 0.2401675409 -0.3006171655 0.9120184741 -1.2697510012 -1.0267754607 1.0592228075
1617008129.277972460 -0.1452929896 0.2407855437 -0.2970720248 0.9125023185 -1.2578057151 -1.0236262867 1.0534466910
1617008129.287972450 -0.1485611434 0.2413577953 -0.2935203215 0.9129741629 -1.2459014974 -1.0206248879 1.0472134111
1617008129.297972441 -0.1518291525 0.2418842676 -0.2899622361 0.9134340760 -1.2340386565 -1.0177701878 1.0405256174
1617008129.307972431 -0.1550964449 0.2423649403 -0.2863979487 0.9138821278 -1.2222175030 -1.0150609807 1.0333862424
1617008129.317972422 -0.1583624479 0.2427998012 -0.2828276384 0.9143183902 -1.2104383497 -1.0124959329 1.0257984988
1617008129.327972412 -0.1616265882 0.2431888461 -0.2792514840 0.9147429365 -1.1987015118 -1.0100735836 1.0177658786
1617008129.337972403 -0.1648882918 0.2435320787 -0.2756696632 0.9151558417 -1.1870073067 -1.0077923461 1.0092921501
1617008129.347972393 -0.1681469844 0.2438295108 -0.2720823533 0.9155571825 -1.1753560548 -1.0056505089 1.0003813562
1617008129.357972383 -0.1714020909 0.2440811620 -0.2684897305 0.9159470368 -1.1637480790 -1.0036462370 0.9910378114
1617008129.367972374 -0.1746530363 0.2442870604 -0.2648919700 0.9163254844 -1.1521837050 -1.0017775734 0.9812660995
1617008129.377972364 -0.1778992451 0.2444472416 -0.2612892464 0.9166926063 -1.1406632617 -1.0000424400 0.9710710706
1617008129.387972355 -0.1811401419 0.2445617496 -0.2576817328 0.9170484852 -1.1291870807 -0.9984386399 0.9604578381
1617008129.397972345 -0.1843751509 0.2446306364 -0.2540696016 0.9173932052 -1.1177554971 -0.9969638583 0.9494317756
1617008129.407972336 -0.1876036967 0.2446539622 -0.2504530239 0.9177268518 -1.1063688491 -0.9956156645 0.9379985136
1617008129.417972326 -0.1908252038 0.2446317951 -0.2468321695 0.9180495120 -1.0950274784 -0.9943915136 0.9261639359
1617008129.427972317 -0.1940390970 0.2445642113 -0.2432072071 0.9183612741 -1.0837317300 -0.9932887481 0.9139341759
1617008129.437972307 -0.1972448016 0.2444512955 -0.2395783040 0.9186622277 -1.0724819526 -0.9923046002 0.9013156128
1617008129.447972536 -0.2004417429 0.2442931400 -0.2359456262 0.9189524639 -1.0612784986 -0.9914361933 0.8883148678
1617008129.457972527 -0.2036293472 0.2440898455 -0.2323093383 0.9192320750 -1.0501217240 -0.9906805443 0.8749388000
1617008129.467972517 -0.2068070411 0.2438415209 -0.2286696033 0.9195011544 -1.0390119887 -0.9900345657 0.8611945017
1617008129.477972507 -0.2099742520 0.2435482830 -0.2250265827 0.9197597971 -1.0279496564 -0.9894950677 0.8470892943
1617008129.487972498 -0.2131304082 0.2432102570 -0.2213804367 0.9200080990 -1.0169350949 -0.9890587602 0.8326307238
1617008129.497972488 -0.2162749388 0.2428275761 -0.2177313234 0.9202461573 -1.0059686759 -0.9887222557 0.8178265560
1617008129.507972479 -0.2194072740 0.2424003815 -0.2140793997 0.9204740702 -0.9950507752 -0.9884820711 0.8026847714
1617008129.517972469 -0.2225268450 0.2419288227 -0.2104248205 0.9206919370 -0.9841817728 -0.9883346302 0.7872135606
1617008129.527972460 -0.2256330845 0.2414130574 -0.2067677390 0.9208998583 -0.9733620528 -0.9882762666 0.7714213191
1617008129.537972450 -0.2287254262 0.2408532511 -0.2031083067 0.9210979354 -0.9625920036 -0.9883032257 0.7553166416
1617008129.547972441 -0.2318033055 0.2402495779 -0.1994466730 0.9212862707 -0.9518720179 -0.9884116677 0.7389083174
1617008129.557972431 -0.2348661591 0.2396022195 -0.1957829857 0.9214649674 -0.9412024926 -0.9885976701 0.7222053242
1617008129.567972422 -0.2379134255 0.2389113660 -0.1921173905 0.9216341299 -0.9305838289 -0.9888572304 0.7052168228
1617008129.577972412 -0.2409445449 0.2381772155 -0.1884500310 0.9217938632 -0.9200164325 -0.9891862690 0.6879521513
1617008129.587972403 -0.2439589594 0.2373999741 -0.1847810489 0.9219442729 -0.9095007134 -0.9895806318 0.6704208194
1617008129.597972393 -0.2469561130 0.2365798561 -0.1811105841 0.9220854658 -0.8990370860 -0.9900360934 0.6526325021
1617008129.607972383 -0.2499354519 0.2357170838 -0.1774387739 0.9222175491 -0.8886259690 -0.9905483594 0.6345970340
1617008129.617972374 -0.2528964243 0.2348118873 -0.1737657537 0.9223406307 -0.8782677857 -0.9911130703 0.6163244029
1617008129.627972364 -0.2558384808 0.2338645049 -0.1700916570 0.9224548191 -0.8679629636 -0.9917258036 0.5978247436
1617008129.637972355 -0.2587610745 0.2328751830 -0.1664166145 0.9225602235 -0.8577119346 -0.9923820774 0.5791083316
1617008129.647972345 -0.2616636608 0.2318441756 -0.1627407552 0.9226569533 -0.8475151349 -0.9930773532 0.5601855766
1617008129.657972336 -0.2645456979 0.2307717450 -0.1590642056 0.9227451186 -0.8373730052 -0.9938070392 0.5410670159
1617008129.667972326 -0.2674066466 0.2296581610 -0.1553870898 0.9228248299 -0.8272859905 -0.9945664935 0.5217633079
1617008129.677972317 -0.2702459708 0.2285037016 -0.1517095299 0.9228961979 -0.8172545397 -0.9953510269 0.5022852255
1617008129.687972307 -0.2730631370 0.2273086526 -0.1480316452 0.9229593337 -0.8072791065 -0.9961559066 0.4826436490
1617008129.697972536 -0.2758576151 0.2260733074 -0.1443535529 0.9230143486 -0.7973601483 -0.9969763593 0.4628495596
1617008129.707972527 -0.2786288780 0.2247979673 -0.1406753678 0.9230613539 -0.7874981268 -0.9978075744 0.4429140323
1617008129.717972517 -0.2813764019 0.2234829415 -0.1369972022 0.9231004614 -0.7776935078 -0.9986447072 0.4228482293
1617008129.727972507 -0.2840996666 0.2221285465 -0.1333191658 0.9231317827 -0.7679467611 -0.9994828827 0.4026633923
1617008129.737972498 -0.2867981552 0.2207351069 -0.1296413661 0.9231554295 -0.7582583603 -1.0003171983 0.3823708362
1617008129.747972488 -0.2894713545 0.2193029546 -0.1259639079 0.9231715133 -0.7486287831 -1.0011427276 0.3619819414
1617008129.757972479 -0.2921187553 0.2178324291 -0.1222868936 0.9231801456 -0.7390585106 -1.0019545238 0.3415081471
1617008129.767972469 -0.2947398518 0.2163238776 -0.1186104229 0.9231814379 -0.7295480278 -1.0027476229 0.3209609437
1617008129.777972460 -0.2973341427 0.2147776547 -0.1149345932 0.9231755011 -0.7200978234 -1.0035170470 0.3003518662
1617008129.787972450 -0.2999011304 0.2131941224 -0.1112594992 0.9231624462 -0.7107083893 -1.0042578083 0.2796924859
1617008129.797972441 -0.3024403217 0.2115736499 -0.1075852329 0.9231423835 -0.7013802209 -1.0049649117 0.2589944044
1617008129.807972431 -0.3049512276 0.2099166141 -0.1039118840 0.9231154231 -0.6921138169 -1.0056333590 0.2382692453
1617008129.817972422 -0.3074333638 0.2082233988 -0.1002395393 0.9230816745 -0.6829096790 -1.0062581518 0.2175286473
1617008129.827972412 -0.3098862502 0.2064943953 -0.0965682834 0.9230412468 -0.6737683121 -1.0068342952 0.1967842571
1617008129.837972403 -0.3123094116 0.2047300019 -0.0928981979 0.9229942484 -0.6646902236 -1.0073568012 0.1760477215
1617008129.847972393 -0.3147023775 0.2029306239 -0.0892293620 0.9229407871 -0.6556759242 -1.0078206922 0.1553306806
1617008129.857972383 -0.3170646822 0.2010966737 -0.0855618522 0.9228809699 -0.6467259267 -1.0082210040 0.1346447603
1617008129.867972374 -0.3193958653 0.1992285708 -0.0818957424 0.9228149030 -0.6378407466 -1.0085527899 0.1140015649
1617008129.877972364 -0.3216954712 0.1973267413 -0.0782311040 0.9227426918 -0.6290209015 -1.0088111235 0.0934126698
1617008129.887972355 -0.3239630496 0.1953916184 -0.0745680058 0.9226644409 -0.6202669115 -1.0089911025 0.0728896146
1617008129.897972345 -0.3261981556 0.1934236418 -0.0709065137 0.9225802536 -0.6115792982 -1.0090878518 0.0524438952
1617008129.907972336 -0.3284003496 0.1914232581 -0.0672466914 0.9224902325 -0.6029585853 -1.0090965270 0.0320869572
1617008129.917972326 -0.3305691978 0.1893909203 -0.0635885996 0.9223944789 -0.5944052981 -1.0090123179 0.0118301881
1617008129.927972317 -0.3327042718 0.1873270879 -0.0599322969 0.9222930930 -0.5859199633 -1.0088304514 -0.0083150894
1617008129.937972307 -0.3348051490 0.1852322271 -0.0562778388 0.9221861738 -0.5775031087 -1.0085461950 -0.0283376244
1617008129.947972536 -0.3368714129 0.1831068101 -0.0526252787 0.9220738188 -0.5691552636 -1.0081548604 -0.0482262457
1617008129.957972527 -0.3389026526 0.1809513157 -0.0489746673 0.9219561244 -0.5608769577 -1.0076518062 -0.0679698678
1617008129.967972517 -0.3408984637 0.1787662285 -0.0453260525 0.9218331855 -0.5526687216 -1.0070324415 -0.0875574987
1617008129.977972507 -0.3428584477 0.1765520397 -0.0416794800 0.9217050955 -0.5445310865 -1.0062922287 -0.1069782462
1617008129.987972498 -0.3447822125 0.1743092459 -0.0380349931 0.9215719462 -0.5364645836 -1.0054266872 -0.1262213251
1617008129.997972488 -0.3466693722 0.1720383502 -0.0343926322 0.9214338280 -0.5284697444 -1.0044313959 -0.1452760642
1617008130.007972479 -0.3485195476 0.1697398610 -0.0307524356 0.9212908293 -0.5205471002 -1.0033019968 -0.1641319122
1617008130.017972469 -0.3503323662 0.1674142928 -0.0271144391 0.9211430372 -0.5126971818 -1.0020341976 -0.1827784453
1617008130.027972460 -0.3521074618 0.1650621656 -0.0234786760 0.9209905367 -0.5049205195 -1.0006237750 -0.2012053731
1617008130.037972450 -0.3538444752 0.1626840047 -0.0198451773 0.9208334110 -0.4972176430 -0.9990665773 -0.2194025455
1617008130.047972441 -0.3555430542 0.1602803413 -0.0162139716 0.9206717417 -0.4895890805 -0.9973585278 -0.2373599586
1617008130.057972431 -0.3572028534 0.1578517115 -0.0125850853 0.9205056080 -0.4820353594 -0.9954956272 -0.2550677616
1617008130.067972422 -0.3588235344 0.1553986567 -0.0089585423 0.9203350874 -0.4745570053 -0.9934739565 -0.2725162624
1617008130.077972412 -0.3604047663 0.1529217235 -0.0053343644 0.9201602553 -0.4671545423 -0.9912896798 -0.2896959342
1617008130.087972403 -0.3619462249 0.1504214634 -0.0017125712 0.9199811850 -0.4598284922 -0.9889390472 -0.3065974212
1617008130.097972393 -0.3634475939 0.1478984330 0.0019068200 0.9197979474 -0.4525793750 -0.9864183968 -0.3232115444
1617008130.107972383 -0.3649085641 0.1453531933 0.0055237941 0.9196106115 -0.4454077080 -0.9837241582 -0.3395293079
1617008130.117972374 -0.3663288337 0.1427863103 0.0091383378 0.9194192438 -0.4383140059 -0.9808528541 -0.3555419040
1617008130.127972364 -0.3677081089 0.1401983544 0.0127504402 0.9192239087 -0.4312987804 -0.9778011034 -0.3712407188
1617008130.137972355 -0.3690461033 0.1375899004 0.0163600923 0.9190246680 -0.4243625401 -0.9745656232 -0.3866173381
1617008130.147972345 -0.3703425381 0.1349615274 0.0199672871 0.9188215812 -0.4175057902 -0.9711432315 -0.4016635521
1617008130.157972336 -0.3715971426 0.1323138188 0.0235720196 0.9186147053 -0.4107290321 -0.9675308491 -0.4163713609
1617008130.167972326 -0.3728096540 0.1296473620 0.0271742866 0.9184040949 -0.4040327634 -0.9637255020 -0.4307329797
1617008130.177972317 -0.3739798173 0.1269627483 0.0307740868 0.9181898020 -0.3974174776 -0.9597243236 -0.4447408430
1617008130.187972307 -0.3751073856 0.1242605729 0.0343714206 0.9179718758 -0.3908836636 -0.9555245565 -0.4583876104
1617008130.197972536 -0.3761921203 0.1215414346 0.0379662905 0.9177503632 -0.3844318059 -0.9511235546 -0.4716661701
1617008130.207972527 -0.3772337907 0.1188059358 0.0415587003 0.9175253082 -0.3780623840 -0.9465187854 -0.4845696442
1617008130.217972517 -0.3782321746 0.1160546825 0.0451486557 0.9172967522 -0.3717758720 -0.9417078311 -0.4970913929
1617008130.227972507 -0.3791870581 0.1132882837 0.0487361638 0.9170647339 -0.3655727391 -0.9366883910 -0.5092250183
1617008130.237972498 -0.3800982355 0.1105073518 0.0523212336 0.9168292890 -0.3594534486 -0.9314582829 -0.5209643686
1617008130.247972488 -0.3809655096 0.1077125022 0.0559038752 0.9165904506 -0.3534184579 -0.9260154449 -0.5323035423
1617008130.257972479 -0.3817886919 0.1049043531 0.0594841003 0.9163482489 -0.3474682184 -0.9203579367 -0.5432368914
1617008130.267972469 -0.3825676022 0.1020835256 0.0630619222 0.9161027112 -0.3416031750 -0.9144839412 -0.5537590253
1617008130.277972460 -0.3833020691 0.0992506435 0.0666373552 0.9158538620 -0.3358237663 -0.9083917658 -0.5638648141
1617008130.287972450 -0.3839919297 0.0964063329 0.0702104149 0.9156017226 -0.3301304238 -0.9020798440 -0.5735493919
1617008130.297972441 -0.3846370300 0.0935512224 0.0737811184 0.9153463118 -0.3245235722 -0.8955467362 -0.5828081594
1617008130.307972431 -0.3852372246 0.0906859428 0.0773494837 0.9150876450 -0.3190036286 -0.8887911310 -0.5916367877
1617008130.317972422 -0.3857923768 0.0878111269 0.0809155298 0.9148257348 -0.3135710030 -0.8818118464 -0.6000312200
1617008130.327972412 -0.3863023591 0.0849274098 0.0844792772 0.9145605907 -0.3082260974 -0.8746078305 -0.6079876751
1617008130.337972403 -0.3867670526 0.0820354279 0.0880407467 0.9142922194 -0.3029693059 -0.8671781625 -0.6155026489
1617008130.347972393 -0.3871863474 0.0791358195 0.0915999606 0.9140206243 -0.2978010146 -0.8595220538 -0.6225729172
1617008130.357972383 -0.3875601425 0.0762292247 0.0951569417 0.9137458059 -0.2927216010 -0.8516388481 -0.6291955376
1617008130.367972374 -0.3878883459 0.0733162844 0.0987117137 0.9134677614 -0.2877314343 -0.8435280226 -0.6353678513
1617008130.377972364 -0.3881708747 0.0703976414 0.1022643010 0.9131864853 -0.2828308747 -0.8351891881 -0.6410874845
1617008130.387972355 -0.3884076549 0.0674739390 0.1058147287 0.9129019686 -0.2780202735 -0.8266220898 -0.6463523506
1617008130.397972345 -0.3885986218 0.0645458218 0.1093630223 0.9126141996 -0.2732999728 -0.8178266076 -0.6511606506
1617008130.407972336 -0.3887437195 0.0616139351 0.1129092080 0.9123231633 -0.2686703056 -0.8088027560 -0.6555108749
1617008130.417972326 -0.3888429014 0.0586789250 0.1164533124 0.9120288416 -0.2641315949 -0.7995506850 -0.6594018042
1617008130.427972317 -0.3888961299 0.0557414378 0.1199953626 0.9117312132 -0.2596841544 -0.7900706795 -0.6628325097
1617008130.437972307 -0.3889033767 0.0528021206 0.1235353858 0.9114302541 -0.2553282877 -0.7803631599 -0.6658023544
1617008130.447972536 -0.3888646225 0.0498616204 0.1270734097 0.9111259368 -0.2510642885 -0.7704286814 -0.6683109929
1617008130.457972527 -0.3887798573 0.0469205844 0.1306094619 0.9108182309 -0.2468924400 -0.7602679347 -0.6703583722
1617008130.467972517 -0.3886490801 0.0439796597 0.1341435704 0.9105071030 -0.2428130154 -0.7498817447 -0.6719447311
1617008130.477972507 -0.3884722992 0.0410394934 0.1376757632 0.9101925164 -0.2388262770 -0.7392710713 -0.6730706005
1617008130.487972498 -0.3882495320 0.0381007318 0.1412060682 0.9098744317 -0.2349324769 -0.7284370080 -0.6737368028
1617008130.497972488 -0.3879808050 0.0351640212 0.1447345132 0.9095528062 -0.2311318558 -0.7173807821 -0.6739444515
1617008130.507972479 -0.3876661542 0.0322300070 0.1482611261 0.9092275942 -0.2274246441 -0.7061037537 -0.6736949505
1617008130.517972469 -0.3873056244 0.0292993338 0.1517859344 0.9088987471 -0.2238110607 -0.6946074151 -0.6729899931
1617008130.527972460 -0.3868992697 0.0263726454 0.1553089652 0.9085662133 -0.2202913134 -0.6828933904 -0.6718315610
1617008130.537972450 -0.3864471533 0.0234505844 0.1588302457 0.9082299383 -0.2168655989 -0.6709634341 -0.6702219231
1617008130.547972441 -0.3859493475 0.0205337922 0.1623498022 0.9078898646 -0.2135341024 -0.6588194305 -0.6681636339
1617008130.557972431 -0.3854059339 0.0176229090 0.1658676610 0.9075459317 -0.2102969976 -0.6464633928 -0.6656595320
1617008130.567972422 -0.3848170030 0.0147185732 0.1693838474 0.9071980765 -0.2071544467 -0.6338974615 -0.6627127383
1617008130.577972412 -0.3841826544 0.0118214219 0.1728983866 0.9068462328 -0.2041066002 -0.6211239040 -0.6593266539
1617008130.587972403 -0.3835029967 0.0089320901 0.1764113027 0.9064903318 -0.2011535968 -0.6081451126 -0.6555049580
1617008130.597972393 -0.3827781477 0.0060512111 0.1799226193 0.9061303016 -0.1982955636 -0.5949636036 -0.6512516059
1617008130.607972383 -0.3820082340 0.0031794161 0.1834323594 0.9057660680 -0.1955326157 -0.5815820159 -0.6465708258
1617008130.617972374 -0.3811933913 0.0003173339 0.1869405447 0.9053975538 -0.1928648563 -0.5680031092 -0.6414671168
1617008130.627972364 -0.3803337640 -0.0025344088 0.1904471965 0.9050246793 -0.1902923768 -0.5542297627 -0.6359452456
1617008130.637972355 -0.3794295058 -0.0053751878 0.1939523347 0.9046473619 -0.1878152564 -0.5402649734 -0.6300102439
1617008130.647972345 -0.3784807787 -0.0082043817 0.1974559785 0.9042655168 -0.1854335625 -0.5261118543 -0.6236674047
1617008130.657972336 -0.3774877540 -0.0110213718 0.2009581460 0.9038790564 -0.1831473503 -0.5117736327 -0.6169222793
1617008130.667972326 -0.3764506114 -0.0138255421 0.2044588539 0.9034878907 -0.1809566631 -0.4972536483 -0.6097806738
1617008130.677972317 -0.3753695395 -0.0166162798 0.2079581179 0.9030919273 -0.1788615321 -0.4825553513 -0.6022486452
1617008130.687972307 -0.3742447356 -0.0193929752 0.2114559526 0.9026910715 -0.1768619763 -0.4676823004 -0.5943324980
1617008130.697972536 -0.3730764055 -0.0221550220 0.2149523710 0.9022852259 -0.1749580029 -0.4526381605 -0.5860387794
1617008130.707972527 -0.3718647635 -0.0249018170 0.2184473849 0.9018742913 -0.1731496070 -0.4374267010 -0.5773742762
1617008130.717972517 -0.3706100326 -0.0276327608 0.2219410046 0.9014581658 -0.1714367716 -0.4220517931 -0.5683460096
1617008130.727972507 -0.3693124441 -0.0303472577 0.2254332393 0.9010367458 -0.1698194678 -0.4065174079 -0.5589612314
1617008130.737972498 -0.3679722378 -0.0330447157 0.2289240961 0.9006099251 -0.1682976548 -0.3908276139 -0.5492274191
1617008130.747972488 -0.3665896616 -0.0357245466 0.2324135810 0.9001775959 -0.1668712800 -0.3749865747 -0.5391522709
1617008130.757972479 -0.3651649719 -0.0383861665 0.2359016983 0.8997396480 -0.1655402789 -0.3589985464 -0.5287437017
1617008130.767972469 -0.3636984332 -0.0410289955 0.2393884505 0.8992959696 -0.1643045751 -0.3428678751 -0.5180098372
1617008130.777972460 -0.3621903181 -0.0436524579 0.2428738385 0.8988464468 -0.1631640808 -0.3265989945 -0.5069590090
1617008130.787972450 -0.3606409072 -0.0462559826 0.2463578615 0.8983909640 -0.1621186963 -0.3101964232 -0.4955997499
1617008130.797972441 -0.3590504893 -0.0488390030 0.2498405168 0.8979294037 -0.1611683107 -0.2936647619 -0.4839407876
1617008130.807972431 -0.3574193607 -0.0514009569 0.2533218001 0.8974616470 -0.1603128014 -0.2770086907 -0.4719910398
1617008130.817972422 -0.3557478259 -0.0539412872 0.2568017050 0.8969875731 -0.1595520346 -0.2602329665 -0.4597596084
1617008130.827972412 -0.3540361969 -0.0564594414 0.2602802233 0.8965070597 -0.1588858652 -0.2433424201 -0.4472557737
1617008130.837972403 -0.3522847935 -0.0589548721 0.2637573448 0.8960199832 -0.1583141371 -0.2263419531 -0.4344889886
1617008130.847972393 -0.3504939431 -0.0614270368 0.2672330574 0.8955262185 -0.1578366831 -0.2092365352 -0.4214688724
1617008130.857972383 -0.3486639805 -0.0638753985 0.2707073470 0.8950256390 -0.1574533252 -0.1920312012 -0.4082052053
1617008130.867972374 -0.3467952479 -0.0662994251 0.2741801972 0.8945181170 -0.1571638746 -0.1747310481 -0.3947079214
1617008130.877972364 -0.3448880948 -0.0686985903 0.2776515900 0.8940035237 -0.1569681319 -0.1573412319 -0.3809871030
1617008130.887972355 -0.3429428781 -0.0710723730 0.2811215048 0.8934817288 -0.1568658874 -0.1398669645 -0.3670529741
1617008130.897972345 -0.3409599616 -0.0734202577 0.2845899192 0.8929526013 -0.1568569209 -0.1223135108 -0.3529158939
1617008130.907972336 -0.3389397163 -0.0757417349 0.2880568085 0.8924160092 -0.1569410023 -0.1046861852 -0.3385863502
1617008130.917972326 -0.3368825201 -0.0780363005 0.2915221458 0.8918718192 -0.1571178913 -0.0869903490 -0.3240749527
1617008130.927972317 -0.3347887578 -0.0803034565 0.2949859020 0.8913198977 -0.1573873378 -0.0692314065 -0.3093924265
1617008130.937972307 -0.3326588209 -0.0825427109 0.2984480459 0.8907601101 -0.1577490823 -0.0514148024 -0.2945496054
1617008130.947972536 -0.3304931074 -0.0847535776 0.3019085439 0.8901923209 -0.1582028556 -0.0335460182 -0.2795574246
1617008130.957972527 -0.3282920222 -0.0869355768 0.3053673600 0.8896163943 -0.1587483794 -0.0156305689 -0.2644269142
1617008130.967972517 -0.3260559764 -0.0890882348 0.3088244563 0.8890321939 -0.1593853661 0.0023260001 -0.2491691920
1617008130.977972507 -0.3237853875 -0.0912110845 0.3122797922 0.8884395828 -0.1601135195 0.0203181165 -0.2337954567
1617008130.987972498 -0.3214806793 -0.0933036648 0.3157333250 0.8878384236 -0.1609325346 0.0383401841 -0.2183169804
1617008130.997972488 -0.3191422816 -0.0953655214 0.3191850095 0.8872285789 -0.1618420977 0.0563865866 -0.2027451021
1617008131.007972479 -0.3167706303 -0.0973962064 0.3226347984 0.8866099106 -0.1628418872 0.0744516907 -0.1870912198
1617008131.017972469 -0.3143661674 -0.0993952786 0.3260826417 0.8859822809 -0.1639315733 0.0925298494 -0.1713667840
1617008131.027972460 -0.3119293404 -0.1013623036 0.3295284874 0.8853455517 -0.1651108182 0.1106154054 -0.1555832899
1617008131.037972450 -0.3094606027 -0.1032968535 0.3329722809 0.8846995849 -0.1663792766 0.1287026948 -0.1397522705
1617008131.047972441 -0.3069604133 -0.1051985075 0.3364139652 0.8840442425 -0.1677365958 0.1467860500 -0.1238852891
1617008131.057972431 -0.3044292365 -0.1070668517 0.3398534810 0.8833793866 -0.1691824160 0.1648598033 -0.1079939320
1617008131.067972422 -0.3018675422 -0.1089014790 0.3432907668 0.8827048795 -0.1707163703 0.1829182904 -0.0920898014
